XY  *  X Value    Y Value    Y Predict  Residual   Residual%  90% Confidence Limits 90% Prediction Limits Weights
1      100.76400  0.0000000  2.4223162  -2.422316  0.0000000  1.8837087  2.9609237  -7.301258  12.145891        1
2      104.02200  -0.013970  2.8600058  -2.873976  2.057e+04  2.1230287  3.5969829  -6.876572  12.596583        1
3      107.28100  1.2718025  3.5417366  -2.269934  -178.4817  2.4170694  4.6664039  -6.231834  13.315307        1
4      110.53600  2.7244110  4.7168388  -1.992428  -73.13242  2.8893191  6.5443585  -5.162313  14.595990        1
5      113.79100  6.6602203  6.8347770  -0.174557  -2.620885  3.9520958  9.7174582  -3.292792  16.962346        1
6      117.04400  8.3327569  10.512064  -2.179307  -26.15349  6.4447616  14.579366  -0.014130  21.038257        1
7      120.29700  17.755405  16.294477  1.4609285  8.2280777  11.383940  21.205013  5.4146246  27.174329        1
8      123.54600  25.513727  24.153341  1.3603863  5.3319780  19.014241  29.292441  13.168435  35.138247        1
9      126.79700  34.071456  32.859348  1.2121084  3.5575479  27.551979  38.166716  21.794721  43.923974        1
10     130.04400  39.000690  39.245147  -0.244456  -0.626800  33.314672  45.175621  27.868489  50.621804        1
11     133.29100  37.285290  39.398715  -2.113425  -5.668254  33.519143  45.278287  28.048509  50.748921        1
12     136.53600  33.205404  33.283727  -0.078323  -0.235873  27.927182  38.640272  22.195428  44.372026        1
13     139.78000  25.644387  24.813794  0.8305931  3.2388884  19.504397  30.123190  13.748194  35.879394        1
14     143.02200  20.833726  17.197451  3.6362749  17.453790  12.219382  22.175521  6.2869528  28.107950        1
15     146.26400  12.151105  11.750935  0.4001708  3.2932870  7.7332805  15.768589  1.2438251  22.258044        1
16     149.50300  5.3201509  8.6066983  -3.286547  -61.77545  5.3221192  11.891277  -1.642510  18.855906        1
17     152.74100  4.3445418  7.3516685  -3.007127  -69.21620  3.5918479  11.111489  -3.059578  17.762915        1
18     155.97900  6.8515190  7.4853155  -0.633797  -9.250453  2.7973292  12.173302  -3.295919  18.266550        1
19     159.21400  11.361705  8.5801938  2.7815109  24.481458  3.4506785  13.709709  -2.400231  19.560619        1
20     162.44900  12.104184  10.208154  1.8960295  15.664249  5.0790341  15.337275  -0.772086  21.188395        1
21     165.68200  11.673892  11.746768  -0.072876  -0.624265  6.3089758  17.184561  0.6189926  22.874544        1
22     168.91400  10.377935  12.337714  -1.959780  -18.88410  6.4904296  18.184999  1.0042002  23.671229        1
23     172.14400  10.461848  11.511860  -1.050012  -10.03659  6.0690383  16.954683  0.3816260  22.642095        1
24     175.37400  10.701123  9.7689357  0.9321868  8.7111125  4.7551822  14.782689  -1.157890  20.695762        1
25     178.60100  9.9643046  7.9083737  2.0559309  20.632959  2.9413997  12.875348  -2.997067  18.813814        1
26     181.82700  8.1059325  6.4105737  1.6953588  20.915038  1.7895223  11.031625  -4.341725  17.162872        1
27     185.05300  5.7115872  5.4508707  0.2607166  4.5646960  1.7007107  9.2010306  -4.956891  15.858632        1
28     188.27600  2.7616382  5.0356463  -2.274008  -82.34272  2.3635560  7.7077367  -5.034005  15.105297        1
29     191.49900  2.2132631  5.1385164  -2.925253  -132.1693  3.3335015  6.9435314  -4.736497  15.013530        1
30     194.71900  4.7220302  5.9658463  -1.243816  -26.34070  4.1796463  7.7520462  -3.905745  15.837438        1
31     197.93900  7.7452892  8.7177625  -0.972473  -12.55567  4.9637196  12.471805  -1.691399  19.126924        1
32     201.15800  17.719300  16.303467  1.4158326  7.9903416  9.8628456  22.744089  4.6527413  27.954193        1
33     204.37400  31.950316  29.947398  2.0029174  6.2688501  22.854873  37.039924  17.924016  41.970781        1
34     207.59100  36.203478  39.287895  -3.084417  -8.519670  31.152744  47.423046  26.621463  51.954326        1
35     210.80500  33.228863  30.206150  3.0227125  9.0966473  23.132604  37.279697  18.193954  42.218347        1
36     214.01700  19.057983  17.091009  1.9669743  10.320999  10.678220  23.503798  5.4556463  28.726372        1
37     217.23000  7.0597836  10.073734  -3.013951  -42.69183  6.3449052  13.802563  -0.326361  20.473829        1
38     220.44000  3.2833189  7.8634650  -4.580146  -139.4974  6.2366398  9.4902902  -1.980537  17.707467        1
39     223.64800  0.5542344  7.5737535  -7.019519  -1266.525  6.4736707  8.6738363  -2.197019  17.344526        1
40     226.85700  0.2816517  8.0370616  -7.755410  -2753.546  6.6739351  9.4001882  -1.766811  17.840934        1
41     230.06300  3.4401638  9.1169550  -5.676791  -165.0151  7.0343957  11.199514  -0.812539  19.046449        1
42     233.26700  8.7999853  11.037844  -2.237859  -25.43026  7.8828277  14.192861  0.8294196  21.246269        1
43     236.47200  15.380811  14.202791  1.1780197  7.6590223  9.9180625  18.487520  3.5906893  24.814893        1
44     239.67400  21.524795  19.055593  2.4692021  11.471431  14.084171  24.027015  8.1481260  29.963060        1
45     242.87400  29.008609  25.878685  3.1299235  10.789637  20.896663  30.860708  14.966383  36.790988        1
46     246.07500  35.549555  34.526701  1.0228541  2.8772627  29.394943  39.658459  23.545228  45.508174        1
47     249.27300  43.377851  44.073934  -0.696083  -1.604696  38.034208  50.113661  32.639945  55.507923        1
48     252.47000  50.454685  52.795518  -2.340832  -4.639475  46.801188  58.789847  41.385444  64.205592        1
49     255.66700  59.292410  59.851342  -0.558932  -0.942671  53.935889  65.766795  48.482508  71.220177        1
50     258.86100  70.161214  67.416154  2.7450603  3.9125040  61.301978  73.530330  55.942664  78.889643        1
51     262.05300  79.781482  78.672843  1.1086389  1.3895943  73.222239  84.123446  67.538801  89.806885        1
52     265.24600  94.113651  94.840096  -0.726445  -0.771881  89.272356  100.40784  83.648245  106.03195        1
53     268.43600  112.53774  114.15565  -1.617907  -1.437657  108.14565  120.16565  102.73733  125.57396        1
54     271.62500  131.65404  131.55412  0.0999149  0.0758920  125.85283  137.25542  120.29524  142.81301        1
55     274.81300  143.70569  139.53512  4.1705647  2.9021570  133.55340  145.51684  128.13166  150.93858        1
56     278.00000  129.89579  133.18016  -3.284370  -2.528466  127.15810  139.20222  121.75549  144.60483        1
57     281.18500  113.99439  115.19281  -1.198420  -1.051297  109.78366  120.60195  104.07900  126.30661        1
58     284.36900  94.644583  92.754519  1.8900639  1.9970123  87.086351  98.422686  81.512369  103.99667        1
59     287.55200  69.483425  72.037345  -2.553920  -3.675581  66.467552  77.607138  60.844472  83.230218        1
60     290.73300  61.440893  56.833708  4.6071852  7.4985649  51.688087  61.979328  45.845750  67.821665        1
61     293.91300  49.631051  48.920042  0.7110094  1.4325899  43.096458  54.743626  37.598737  60.241346        1
62     297.09100  47.987859  48.084122  -0.096263  -0.200599  41.900708  54.267536  36.573587  59.594657        1
63     300.27000  48.981457  51.657316  -2.675859  -5.463005  45.333296  57.981336  40.070641  63.243991        1
64     303.44500  54.211599  54.050459  0.1611401  0.2972429  47.062248  61.038670  42.088315  66.012603        1
65     306.62000  54.415460  50.333299  4.0821612  7.5018409  43.836633  56.829964  38.651498  62.015099        1
66     309.79300  40.261926  42.973764  -2.711838  -6.735490  36.326375  49.621153  31.207473  54.740054        1
67     312.96500  35.095019  37.263586  -2.168567  -6.179131  31.355033  43.172139  25.898340  48.628832        1
68     316.13700  37.573757  35.365613  2.2081436  5.8768242  29.070871  41.660356  23.794892  46.936334        1
69     319.30600  38.098974  36.052051  2.0469228  5.3726456  29.580721  42.523381  24.384322  47.719781        1
70     322.47400  34.267729  35.666009  -1.398279  -4.080455  29.395696  41.936322  24.108560  47.223458        1
71     325.64000  29.975946  31.451906  -1.475960  -4.923816  25.058006  37.845806  19.826943  43.076869        1
72     328.80600  24.856476  24.727246  0.1292301  0.5199053  19.347069  30.107423  13.627512  35.826981        1
73     331.97100  20.232043  18.090032  2.1420108  10.587220  12.830036  23.350028  7.0480500  29.132014        1
74     335.13400  15.318568  12.902876  2.4156919  15.769698  7.8540803  17.951671  1.9599263  23.845825        1
75     338.29500  10.250619  9.4201530  0.8304658  8.1016159  5.3949282  13.445378  -1.089854  19.930160        1
76     341.45600  7.2138469  7.3123462  -0.098499  -1.365420  4.5915294  10.033163  -2.770344  17.395037        1
77     344.61400  4.1631963  6.0939839  -1.930788  -46.37753  4.3982453  7.7897226  -3.761641  15.949608        1
78     347.77300  1.4848004  5.3711038  -3.886303  -261.7391  4.2760629  6.4661447  -4.399102  15.141310        1
79     350.93000  0.2582341  4.9122418  -4.654008  -1802.244  4.1088031  5.7156806  -4.829592  14.654075        1
80     354.08500  -0.973471  4.6049669  -5.578438  573.04591  3.9312614  5.2786723  -5.127026  14.336960        1
81     357.23800  -0.273929  4.4018735  -4.675803  1706.9381  3.7782347  5.0255123  -5.326782  14.130529        1
82     360.39100  -0.514859  4.2866612  -4.801520  932.58985  3.6558001  4.9175223  -5.442460  14.015782        1
83     363.54200  0.0447649  4.2629255  -4.218161  -9422.913  3.5485752  4.9772757  -5.471965  13.997816        1
84     366.69200  -0.157737  4.3578357  -4.515572  2862.7266  3.4278077  5.2878637  -5.395254  14.110925        1
85     369.84200  1.4848727  4.6372523  -3.152380  -212.2997  3.2792826  5.9952220  -5.165905  14.440409        1
86     372.98900  4.0701598  5.2240579  -1.153898  -28.35019  3.1700573  7.2780585  -4.699486  15.147602        1
87     376.13500  6.8361140  6.3057153  0.5303987  7.7587756  3.3323666  9.2790639  -3.848033  16.459464        1
88     379.28000  10.337487  8.1014949  2.2359922  21.629940  4.1905343  12.012456  -2.365282  18.568272        1
89     382.42300  13.514875  10.769981  2.7448945  20.310173  6.2051742  15.334787  0.0417346  21.498227        1
90     385.56500  15.710676  14.267188  1.4434880  9.1879431  9.4770534  19.057323  3.4411457  25.093231        1
91     388.70600  18.695241  18.164967  0.5302737  2.8364102  13.274075  23.055859  7.2939673  29.035966        1
92     391.84600  19.618420  21.451299  -1.832879  -9.342643  16.135578  26.767021  10.382664  32.519935        1
93     394.98400  21.718120  22.662526  -0.944406  -4.348472  17.048590  28.276462  11.447622  33.877431        1
94     398.12300  21.418449  21.077576  0.3408733  1.5914940  15.837619  26.317533  10.045126  32.110026        1
95     401.25800  18.857814  17.622676  1.2351378  6.5497403  12.763467  22.481886  6.7658938  28.479459        1
96     404.39300  14.828084  13.737512  1.0905720  7.3547737  8.9633944  18.511629  2.9185468  24.556476        1
97     407.52600  11.997225  10.341423  1.6558024  13.801545  5.8444364  14.838409  -0.358142  21.040988        1
98     410.65800  8.6511672  7.7922804  0.8588868  9.9279879  3.9994294  11.585131  -2.630940  18.215501        1
99     413.78900  5.8542947  6.0955135  -0.241219  -4.120372  3.2488104  8.9422165  -4.021874  16.212901        1
100    416.91800  3.5117521  5.0769477  -1.565196  -44.57022  3.1204101  7.0334853  -4.826882  14.980778        1
101    420.04600  1.7995040  4.5184496  -2.718946  -151.0942  3.2115792  5.8253200  -5.277760  14.314659        1
102    423.17300  0.8156841  4.2412404  -3.425556  -419.9611  3.3125131  5.1699676  -5.511725  13.994206        1
103    426.29900  0.5960554  4.1303938  -3.534338  -592.9547  3.3696415  4.8911461  -5.608012  13.868800        1
104    429.42300  -0.526652  4.1254049  -4.652057  883.32598  3.4025853  4.8482246  -5.610111  13.860921        1
105    432.54600  0.2583073  4.2010813  -3.942774  -1526.389  3.4396125  4.9625502  -5.537381  13.939543        1
106    435.66800  0.9877424  4.3524336  -3.364691  -340.6446  3.4981750  5.2066923  -5.393723  14.098590        1
107    438.78800  2.1129967  4.5861541  -2.473157  -117.0450  3.5910290  5.5812792  -5.173358  14.345666        1
108    441.90700  2.8869552  4.9172772  -2.030322  -70.32745  3.7339820  6.1005724  -4.863213  14.697768        1
109    445.02500  4.4463823  5.3678283  -0.921446  -20.72350  3.9502301  6.7854265  -4.443766  15.179423        1
110    448.14200  6.1651104  5.9663361  0.1987743  3.2241809  4.2728819  7.6597904  -3.888896  15.821568        1
111    451.25700  7.8485976  6.7467809  1.1018167  14.038389  4.7460568  8.7475050  -3.165873  16.659435        1
112    454.37200  9.1785678  7.7481408  1.4304270  15.584424  5.4252022  10.071079  -2.234537  17.730818        1
113    457.48400  10.964906  9.0094773  1.9554288  17.833521  6.3728104  11.646144  -1.050832  19.069786        1
114    460.59600  11.318723  10.570076  0.7486470  6.6142355  7.6553730  13.484778  0.4333456  20.706806        1
115    463.70600  13.716730  12.460495  1.2562350  9.1584141  9.3310869  15.589904  2.2599561  22.661035        1
116    466.81600  16.158979  14.701436  1.4575427  9.0200175  11.440914  17.961958  4.4599125  24.942960        1
117    469.92300  18.657162  17.291972  1.3651904  7.3172458  13.987859  20.596085  7.0364873  27.547457        1
118    473.03000  21.416636  20.211462  1.2051746  5.6272824  16.927768  23.495155  9.9625374  30.460386        1
119    476.13500  24.250797  23.403917  0.8468801  3.4921744  20.147053  26.660780  13.163557  33.644276        1
120    479.23900  27.409000  26.777294  0.6317061  2.3047398  23.473333  30.081254  16.521858  37.032729        1
121    482.34200  30.350851  30.191140  0.1597115  0.5262177  26.710248  33.672031  19.877342  40.504937        1
122    485.44400  33.392415  33.450081  -0.057665  -0.172690  29.691722  37.208439  23.039362  43.860799        1
123    488.54400  35.610270  36.304510  -0.694240  -1.949551  32.288568  40.320453  25.798055  46.810965        1
124    491.64300  37.700437  38.477719  -0.777282  -2.061731  34.363248  42.592189  27.933210  49.022228        1
125    494.74100  38.965440  39.720388  -0.754948  -1.937482  35.710627  43.730150  29.216294  50.224483        1
126    497.83700  39.792136  39.892768  -0.100632  -0.252895  36.047729  43.737807  29.450444  50.335092        1
127    500.93300  38.980103  39.029290  -0.049187  -0.126185  35.158165  42.900416  28.577333  49.481248        1
128    504.02700  35.203511  37.349076  -2.145565  -6.094747  33.217387  41.480766  26.797837  47.900316        1
129    507.12000  34.497178  35.214471  -0.717293  -2.079279  30.848453  39.580490  24.569288  45.859654        1
130    510.21000  35.568340  33.081084  2.4872553  6.9928913  28.761514  37.400655  22.454867  43.707302        1
131    513.30000  34.722595  31.450438  3.2721565  9.4237097  27.416356  35.484521  20.937036  41.963841        1
132    516.38900  33.330075  30.823891  2.5061843  7.5192880  26.892323  34.755459  20.349397  41.298385        1
133    519.47700  35.773788  31.598331  4.1754575  11.671835  27.256214  35.940447  20.962929  42.233733        1
134    522.56300  27.706874  33.906364  -6.199490  -22.37528  28.999670  38.813058  23.028246  44.784482        1
135    525.64900  40.684085  37.417669  3.2664161  8.0287320  32.279498  42.555839  26.433198  48.402140        1
136    528.73300  40.191692  41.087933  -0.896241  -2.229915  35.974618  46.201247  30.115067  52.060798        1
137    531.81500  42.316707  43.044453  -0.727747  -1.719762  37.650652  48.438254  31.938109  54.150798        1
138    534.89700  40.215878  41.449035  -1.233158  -3.066345  35.861185  47.036885  30.247166  52.650904        1
139    537.97600  37.089603  36.337992  0.7516104  2.0264719  31.261639  41.414346  25.382301  47.293684        1
140    541.05500  32.595497  29.538738  3.0567589  9.3778564  24.854064  34.223412  18.758943  40.318533        1
141    544.13300  24.320693  22.845364  1.4753292  6.0661476  18.158745  27.531983  12.064724  33.626004        1
142    547.20900  17.682323  17.239259  0.4430641  2.5056894  12.761795  21.716723  6.5478845  27.930633        1
143    550.28500  12.743125  13.036919  -0.293793  -2.305506  9.2269737  16.846863  2.6074658  23.466371        1
144    553.35900  9.0103564  10.154165  -1.143808  -12.69437  7.2721639  13.036166  0.0267893  20.281540        1
145    556.43000  6.1081422  8.3043265  -2.196184  -35.95503  6.3105701  10.298083  -1.606923  18.215576        1
146    559.50200  4.2019583  7.1623213  -2.960363  -70.45199  5.8322504  8.4923922  -2.637010  16.961653        1
147    562.57200  3.5581868  6.4654969  -2.907310  -81.70763  5.5425467  7.3884471  -3.286920  16.217914        1
148    565.64100  2.7976906  6.0362370  -3.238546  -115.7578  5.3292639  6.7432101  -3.698115  15.770589        1
149    568.70900  1.9454616  5.7717071  -3.826245  -196.6755  5.1723518  6.3710624  -3.955422  15.498836        1
150    571.77600  1.0304912  5.6181661  -4.587675  -445.1930  5.0728582  6.1634741  -4.105782  15.342114        1
151    574.84000  0.3480291  5.5495950  -5.201566  -1494.578  5.0305571  6.0686330  -4.172915  15.272105        1
152    577.90400  0.1926802  5.5543899  -5.361710  -2782.698  5.0442186  6.0645612  -4.167651  15.276431        1
153    580.96700  0.0947208  5.6290876  -5.534367  -5842.819  5.1140886  6.1440867  -4.093208  15.351383        1
154    584.02900  -0.044340  5.7756397  -5.819980  1.313e+04  5.2426911  6.3085883  -3.947623  15.498903        1
155    587.09000  -0.072002  6.0011921  -6.073194  8434.8051  5.4349053  6.5674790  -3.723955  15.726339        1
156    590.14700  0.7467705  6.3196156  -5.572845  -746.2594  5.6961726  6.9430586  -3.409027  16.048258        1
157    593.20500  1.9936029  6.7587399  -4.765137  -239.0214  6.0257341  7.4917457  -2.977538  16.495018        1
158    596.26200  3.8396808  7.3746022  -3.534921  -92.06290  6.3925021  8.3567022  -2.383591  17.132795        1
159    599.31800  6.1754553  8.2859680  -2.110513  -34.17582  6.7329236  9.8390124  -1.546110  18.118046        1
160    602.37100  9.2017483  9.7264444  -0.524696  -5.702135  7.1179138  12.334975  -0.326527  19.779416        1
161    605.42400  12.589812  12.093578  0.4962332  3.9415457  8.0914393  16.095718  1.5923917  22.594765        1
162    608.47600  17.892552  15.914960  1.9775918  11.052598  10.808410  21.021510  4.9452446  26.884676        1
163    611.52700  23.857961  21.674842  2.1831185  9.1504826  16.368254  26.981430  10.610590  32.739094        1
164    614.57500  29.633853  29.487083  0.1467706  0.4952802  24.110817  34.863348  18.389243  40.584922        1
165    617.62300  38.307480  38.667696  -0.360216  -0.940327  32.267165  45.068228  27.039084  50.296308        1
166    620.67000  47.403743  47.551268  -0.147525  -0.311209  41.348910  53.753626  36.030545  59.071990        1
167    623.71600  54.975629  55.249117  -0.273488  -0.497471  48.992519  61.505715  43.699103  66.799131        1
168    626.75900  63.888950  63.093517  0.7954330  1.2450243  56.999432  69.187601  51.630722  74.556312        1
169    629.80200  72.207956  72.256638  -0.048682  -0.067419  66.909697  77.603580  61.172975  83.340301        1
170    632.84400  82.553551  82.052751  0.5008002  0.6066368  76.345198  87.760304  70.790692  93.314810        1
171    635.88400  92.641638  90.042121  2.5995166  2.8059916  84.283032  95.801210  78.753857  101.33039        1
172    638.92400  96.297391  93.028575  3.2688164  3.3945015  87.838158  98.218992  82.019568  104.03758        1
173    641.96200  86.088640  89.159571  -3.070931  -3.567174  83.824275  94.494868  78.081521  100.23762        1
174    644.99800  76.286401  79.434377  -3.147976  -4.126523  74.161841  84.706913  68.386416  90.482338        1
175    648.03400  64.838889  66.612830  -1.773942  -2.735922  61.958313  71.267347  55.846107  77.379554        1
176    651.06900  53.389073  53.310075  0.0789984  0.1479673  49.075424  57.544726  42.718093  63.902057        1
177    654.10100  44.395869  41.217624  3.1782450  7.1588755  36.990240  45.445008  30.628546  51.806702        1
178    657.13300  35.875688  31.160019  4.7156691  13.144470  26.940848  35.379190  20.574216  41.745821        1
179    660.16500  27.467738  23.371264  4.0964745  14.913767  19.441640  27.300887  12.897499  33.845028        1
180    663.19300  21.508947  17.695370  3.8135774  17.730191  14.318737  21.072003  7.4162916  27.974448        1
181    666.22200  16.266174  13.744419  2.5217556  15.503065  11.034056  16.454781  3.6645443  23.824293        1
182    669.25000  11.925756  11.083003  0.8427530  7.0666632  9.0035943  13.162412  1.1541692  21.011837        1
183    672.27400  8.4610074  9.3131479  -0.852141  -10.07138  7.7431333  10.883162  -0.521625  19.147920        1
184    675.30000  5.4029638  8.1212530  -2.718289  -50.31108  6.9196384  9.3228677  -1.661471  17.903977        1
185    678.32400  3.1737447  7.2948346  -4.121090  -129.8494  6.3406840  8.2489853  -2.460585  17.050254        1
186    681.34500  1.6406221  6.6977387  -5.057117  -308.2439  5.9050519  7.4904255  -3.043214  16.438691        1
187    684.36600  0.6252308  6.2483252  -5.623094  -899.3630  5.5630241  6.9336263  -3.484477  15.981128        1
188    687.38500  0.0112189  5.9001677  -5.888949  -5.25e+04  5.2904312  6.5099042  -3.827606  15.627942        1
189    690.40400  -0.179319  5.6258359  -5.805155  3237.3313  5.0733252  6.1783467  -4.098519  15.350191        1
190    693.42200  -0.500337  5.4088862  -5.909223  1181.0492  4.9024891  5.9152832  -4.312957  15.130730        1
191    696.43800  -0.097569  5.2385370  -5.336106  5469.0848  4.7708029  5.7062710  -4.481369  14.958443        1
192    699.45300  -0.024826  5.1071209  -5.131947  2.067e+04  4.6724595  5.5417822  -4.611250  14.825492        1
193    702.46600  0.5171467  5.0090603  -4.491914  -868.5956  4.6028655  5.4152550  -4.708079  14.726200        1
194    705.47900  1.1291794  4.9400225  -3.810843  -337.4878  4.5583193  5.3217258  -4.776124  14.656169        1
195    708.49100  1.6810695  4.8967513  -3.215682  -191.2879  4.5359884  5.2575143  -4.818595  14.612098        1
196    711.50000  1.9873837  4.8767074  -2.889324  -145.3833  4.5336599  5.2197550  -4.837997  14.591412        1
197    714.51000  1.4920345  4.8779152  -3.385881  -226.9305  4.5496549  5.2061754  -4.836279  14.592109        1
198    717.51600  1.5315745  4.8988995  -3.367325  -219.8604  4.5827001  5.2150990  -4.814894  14.612693        1
199    720.52300  1.2970208  4.9386252  -3.641604  -280.7668  4.6319676  5.2452829  -4.774863  14.652113        1
200    723.52800  1.3450556  4.9963451  -3.651290  -271.4601  4.6968535  5.2958367  -4.716919  14.709609        1
201    726.53300  1.4372227  5.0716798  -3.634457  -252.8806  4.7771107  5.3662489  -4.641434  14.784793        1
202    729.53600  1.1631625  5.1644302  -4.001268  -343.9990  4.8726418  5.4562185  -4.548600  14.877460        1
203    732.53700  1.0561677  5.2746771  -4.218509  -399.4166  4.9836150  5.5657392  -4.438331  14.987685        1
204    735.53800  1.1909859  5.4028281  -4.211842  -353.6433  5.1105055  5.6951507  -4.310218  15.115874        1
205    738.53700  1.5039673  5.5493622  -4.045395  -268.9816  5.2538436  5.8448809  -4.163780  15.262505        1
206    741.53500  1.9058929  5.7151168  -3.809224  -199.8656  5.4144994  6.0157341  -3.998182  15.428416        1
207    744.53100  1.9366970  5.9010657  -3.964369  -204.6974  5.5934650  6.2086665  -3.812452  15.614583        1
208    747.52800  2.0931211  6.1087036  -4.015583  -191.8466  5.7922229  6.4251842  -3.605099  15.822506        1
209    750.52100  2.3691022  6.3392500  -3.970148  -167.5803  6.0119845  6.6665156  -3.374910  16.053410        1
210    753.51500  2.5458412  6.5949684  -4.049127  -159.0487  6.2549491  6.9349878  -3.119630  16.309567        1
211    756.50700  2.4776322  6.8778565  -4.400224  -177.5980  6.5230538  7.2326593  -2.837270  16.592983        1
212    759.49800  2.0023765  7.1906409  -5.188264  -259.1053  6.8189182  7.5623636  -2.525119  16.906400        1
213    762.48700  1.4340241  7.5363172  -6.102293  -425.5363  7.1454012  7.9272332  -2.180196  17.252830        1
214    765.47600  0.7201563  7.9187935  -7.198637  -999.5937  7.5061936  8.3313935  -1.798616  17.636203        1
215    768.46300  0.5297486  8.3421714  -7.812423  -1474.741  7.9051050  8.7792377  -1.376308  18.060650        1
216    771.45000  0.0792849  8.8119520  -8.732667  -1.1e+04   8.3471327  9.2767713  -0.907815  18.531719        1
217    774.43400  -0.349337  9.3339774  -9.683314  2771.9152  8.8373345  9.8306202  -0.387363  19.055318        1
218    777.41700  -0.504131  9.9164263  -10.42056  2067.0321  9.3824846  10.450368  0.1931090  19.639744        1
219    780.40000  -0.586091  10.569644  -11.15574  1903.4121  9.9905554  11.148733  0.8437432  20.295545        1
220    783.38100  0.1978525  11.306650  -11.10880  -5614.685  10.670690  11.942611  1.5771976  21.036103        1
221    786.36200  1.5402476  12.146489  -10.60624  -688.6062  11.435674  12.857303  2.4118565  21.881121        1
222    789.34000  3.0002189  13.114490  -10.11427  -337.1178  12.301607  13.927373  3.3718733  22.857107        1
223    792.31900  4.8648963  14.249613  -9.384717  -192.9068  13.294547  15.204680  4.4941042  24.005122        1
224    795.29400  7.4912894  15.603669  -8.112380  -108.2908  14.451420  16.755918  5.8268861  25.380452        1
225    798.26900  10.207129  17.253842  -7.046714  -69.03718  15.835081  18.672604  7.4420797  27.065605        1
226    801.24400  14.155565  19.303336  -5.147771  -36.36571  17.541519  21.065152  9.4361275  29.170544        1
227    804.21700  18.473407  21.884668  -3.411260  -18.46579  19.710655  24.058681  11.935591  31.833745        1
228    807.18900  23.975985  25.163138  -1.187152  -4.951423  22.535467  27.790809  15.105183  35.221093        1
229    810.15900  30.385278  29.326128  1.0591497  3.4857331  26.253836  32.398420  19.142966  39.509290        1
230    813.12800  37.542601  34.572860  2.9697410  7.9103231  31.131332  38.014388  24.272281  44.873439        1
231    816.09700  45.210260  41.090081  4.1201789  9.1133713  37.418710  44.761453  30.710449  51.469714        1
232    819.06400  54.151016  49.013330  5.1376859  9.4877000  45.279633  52.747027  38.611489  59.415171        1
233    822.03000  64.136122  58.405510  5.7306121  8.9350774  54.722422  62.088598  48.021727  68.789293        1
234    824.99500  74.404621  69.212910  5.1917112  6.9776730  65.526987  72.898833  58.828121  79.597699        1
235    827.95800  85.763334  81.227111  4.5362223  5.2892327  77.296801  85.157422  70.753089  91.701134        1
236    830.92100  94.881555  94.069331  0.8122240  0.8560399  89.686195  98.452467  83.417116  104.72155        1
237    833.88100  105.00664  107.15631  -2.149673  -2.047178  102.43121  111.88141  96.358888  117.95373        1
238    836.84100  115.68093  119.87179  -4.190861  -3.622776  115.18778  124.55579  109.09228  130.65129        1
239    839.80100  126.46117  131.93170  -5.470525  -4.325853  127.37253  136.49086  121.20585  142.65755        1
240    842.75800  140.47752  144.11170  -3.634179  -2.587018  139.15933  149.06407  133.21290  155.01050        1
241    845.71400  157.81994  158.95999  -1.140051  -0.722375  153.62595  164.29404  147.88255  170.03744        1
242    848.67000  186.99218  180.79183  6.2003529  3.3158354  175.73157  185.85208  169.84359  191.74007        1
243    851.62400  225.17840  214.74723  10.431169  4.6324023  209.76372  219.73074  203.83425  225.66021        1
244    854.57600  272.71611  265.35769  7.3584218  2.6981984  259.76773  270.94765  254.15477  276.56061        1
245    857.52900  329.78335  335.54855  -5.765208  -1.748180  329.82735  341.26976  324.27957  346.81754        1
246    860.47900  415.13191  426.68740  -11.55549  -2.783570  420.95690  432.41789  415.41370  437.96110        1
247    863.42800  541.11867  540.65847  0.4602004  0.0850461  534.09020  547.22675  528.93670  552.38025        1
248    866.37700  696.17031  684.41507  11.755236  1.6885576  678.08911  690.74103  672.82734  696.00280        1
249    869.32400  873.91284  878.74524  -4.832400  -0.552961  871.81334  885.67713  866.81591  890.67457        1
250    872.26900  1149.6273  1147.2052  2.4220800  0.2106839  1140.6027  1153.8077  1135.4642  1158.9462        1
251    875.21500  1455.0153  1462.5956  -7.580256  -0.520974  1455.4187  1469.7724  1450.5223  1474.6689        1
252    878.15800  1690.4434  1685.0335  5.4098649  0.3200264  1678.0893  1691.9777  1673.0970  1696.9700        1
253    881.10000  1619.3300  1617.9247  1.4053121  0.0867836  1610.7350  1625.1143  1605.8437  1630.0056        1
254    884.04100  1283.0793  1279.6429  3.4363742  0.2678224  1273.2850  1286.0008  1268.0377  1291.2481        1
255    886.98200  871.64395  877.24449  -5.600533  -0.642525  871.16849  883.32048  865.79130  888.69768        1
256    889.92000  525.67018  548.66718  -22.99700  -4.374796  542.99716  554.33719  537.42409  559.91026        1
257    892.85800  348.63966  330.41421  18.225443  5.2275875  325.60507  335.22336  319.57975  341.24868        1
258    895.79400  228.48848  205.19627  23.292214  10.194043  200.95582  209.43672  194.60197  215.79057        1
259    898.73000  158.27659  138.77850  19.498097  12.319002  134.86683  142.69016  128.31146  149.24554        1
260    901.66400  120.00927  102.99556  17.013708  14.176996  99.496509  106.49461  92.675618  113.31550        1
261    904.59700  85.101212  81.575239  3.5259728  4.1432698  78.566023  84.584455  71.410929  91.739548        1
262    907.52900  53.995801  67.054590  -13.05879  -24.18482  64.505932  69.603248  57.016988  77.092193        1
263    910.45900  46.772996  56.340514  -9.567519  -20.45522  54.175709  58.505319  46.393445  66.287584        1
264    913.39000  40.324205  48.060633  -7.736429  -19.18557  46.204136  49.917130  38.176080  57.945186        1
265    916.31800  34.369335  41.505861  -7.136526  -20.76423  39.896608  43.115115  31.664748  51.346974        1
266    919.24500  27.441102  36.219318  -8.778217  -31.98930  34.810795  37.627842  26.409031  46.029606        1
267    922.17100  21.990842  31.892837  -9.901995  -45.02781  30.649432  33.136242  22.104892  41.680782        1
268    925.09500  17.949316  28.307954  -10.35864  -57.71049  27.201975  29.413933  18.536516  38.079392        1
269    928.02000  14.854269  25.301054  -10.44679  -70.32851  24.310797  26.291311  15.542037  35.060071        1
270    930.94300  11.995611  22.756327  -10.76072  -89.70544  21.864339  23.648315  13.006791  32.505863        1
271    933.86400  9.4304186  20.583268  -11.15285  -118.2646  19.775445  21.391092  10.841072  30.325464        1
272    936.78400  7.8666991  18.711912  -10.84521  -137.8623  17.976749  19.447074  8.9754715  28.448352        1
273    939.70300  5.9883405  17.088601  -11.10026  -185.3646  16.416603  17.760599  7.3567262  26.820476        1
274    942.62000  4.5256214  15.671573  -11.14595  -246.2856  15.054812  16.288335  5.9433566  25.399790        1
275    945.53900  3.7608980  14.425480  -10.66458  -283.5648  13.857365  14.993594  4.7002262  24.150734        1
276    948.45400  3.1946896  13.325899  -10.13121  -317.1266  12.800766  13.851033  3.6030619  23.048737        1
277    951.36800  2.7590955  12.349604  -9.590509  -347.5961  11.862673  12.836536  2.6287552  22.070453        1
278    954.28200  2.1929582  11.478427  -9.285469  -423.4221  11.025614  11.931240  1.7592272  21.197627        1
279    957.19400  1.4400623  10.698216  -9.258154  -642.8996  10.275981  11.120452  0.9803932  20.416040        1
280    960.10500  0.7341849  9.9964116  -9.262227  -1261.566  9.6016976  10.391126  0.2797453  19.713078        1
281    963.01400  0.1099986  9.3629818  -9.252983  -8411.910  8.9931202  9.7328434  -0.352707  19.078670        1
282    965.92400  -0.117603  8.7886919  -8.906295  7573.1577  8.4413717  9.1360122  -0.926165  18.503548        1
283    968.83200  -0.443322  8.2668733  -8.710195  1964.7559  7.9400419  8.5937047  -1.447272  17.981019        1
284    971.73800  -0.294933  7.7912716  -8.086205  2741.7074  7.4831200  8.0994232  -1.922263  17.504807        1
285    974.64300  -0.016456  7.3563980  -7.372854  4.48e+04   7.0653309  7.6474652  -2.356610  17.069406        1
286    977.54700  -0.063123  6.9576964  -7.020820  1.112e+04  6.6822960  7.2330967  -2.754855  16.670248        1
287    980.45000  -0.062795  6.5912327  -6.654028  1.06e+04   6.3302352  6.8522302  -3.120921  16.303386        1
288    983.35200  0.0116262  6.2535959  -6.241970  -5.37e+04  6.0058707  6.5013212  -3.458210  15.965402        1
289    986.25300  -0.191320  5.9418162  -6.133136  3205.6916  5.7063488  6.1772836  -3.769685  15.653317        1
290    989.15200  -0.138983  5.6533939  -5.792377  4167.6979  5.4292678  5.8775201  -4.057839  15.364626        1
291    992.05100  -0.150005  5.3858543  -5.535859  3690.4561  5.1722498  5.5994588  -4.325141  15.096850        1
292    994.94800  -0.314783  5.1373799  -5.452163  1732.0389  4.9335487  5.3412111  -4.573406  14.848165        1
