XY  *  X Value    Y Value    Y Predict  Residual   Residual%  90% Confidence Limits 90% Prediction Limits Weights
1      103.92400  0.0000000  6.8958598  -6.895860  0.0000000  5.7563723  8.0353473  -4.650043  18.441763        1
2      108.54600  5.5862029  9.1631566  -3.576954  -64.03193  7.4708501  10.855463  -2.450342  20.776655        1
3      113.16500  10.394402  13.343644  -2.949242  -28.37337  9.9191681  16.768120  1.3546292  25.332659        1
4      117.78200  26.479457  23.414168  3.0652895  11.576104  16.153536  30.674799  9.8227657  37.005570        1
5      122.39400  49.033842  47.837475  1.1963671  2.4398804  39.126893  56.548058  33.419303  62.255647        1
6      127.00700  89.966099  91.303495  -1.337396  -1.486556  80.291411  102.31558  75.388866  107.21813        1
7      131.61700  149.44546  148.08264  1.3628180  0.9119167  136.70245  159.46283  131.91112  164.25416        1
8      136.22500  254.16477  255.15702  -0.992245  -0.390394  243.83577  266.47826  239.02692  271.28711        1
9      140.82800  313.52205  311.34734  2.1747090  0.6936383  300.23923  322.45545  295.36611  327.32856        1
10     145.43100  162.08538  167.21803  -5.132646  -3.166631  157.74164  176.69441  152.32470  182.11136        1
11     150.03200  73.960023  60.754898  13.205124  17.854408  53.777553  67.732244  47.312697  74.197100        1
12     154.63100  17.005806  26.143268  -9.137462  -53.73143  23.295859  28.990677  14.306158  37.980378        1
13     159.22500  -0.457406  15.948729  -16.40613  3586.7779  14.441520  17.455938  4.3607555  27.536702        1
14     163.82000  4.2369353  11.356626  -7.119691  -168.0387  10.303164  12.410088  -0.181104  22.894357        1
15     168.41100  18.173703  8.7582940  9.4154085  51.807872  7.9451194  9.5714687  -2.759982  20.276571        1
16     173.00100  14.202203  7.1987021  7.0035005  49.312777  6.5209994  7.8764048  -4.310804  18.708208        1
17     177.58600  10.303889  6.2758976  4.0279913  39.091952  5.6620380  6.8897571  -5.230025  17.781821        1
18     182.17100  9.8362768  5.8128559  4.0234209  40.903900  5.1995717  6.4261401  -5.693036  17.318748        1
19     186.75400  3.1202455  5.7768413  -2.656596  -85.14060  5.0874833  6.4661993  -5.733357  17.287039        1
20     191.33500  -0.584012  6.2982017  -6.882214  1178.4373  5.4037461  7.1926573  -5.226098  17.822502        1
21     195.91100  2.8994390  7.9781645  -5.078726  -175.1624  6.4074204  9.5489086  -3.618243  19.574572        1
22     200.48700  17.310323  15.125965  2.1843581  12.618818  9.9994339  20.252496  2.5445992  27.707330        1
23     205.06100  46.656966  45.250902  1.4060642  3.0136211  34.924140  55.577664  29.802554  60.699250        1
24     209.63100  80.982809  82.173746  -1.190937  -1.470605  70.951643  93.395850  66.113079  98.234414        1
25     214.20000  47.450826  43.844501  3.6063249  7.6001310  33.506133  54.182868  28.388393  59.300609        1
26     218.76700  10.565689  14.701417  -4.135728  -39.14301  9.7017293  19.701105  2.1712009  27.231633        1
27     223.33200  1.3825831  7.9004120  -6.517829  -471.4240  6.1623153  9.6385087  -3.719847  19.520671        1
28     227.89200  -0.066718  6.3376361  -6.404354  9599.1097  4.6671183  8.0081539  -5.272707  17.947979        1
29     232.45300  1.7099352  6.0496411  -4.339706  -253.7936  3.4007073  8.6985749  -5.741300  17.840582        1
30     237.01100  5.6568768  6.7000850  -1.043208  -18.44142  2.2528845  11.147285  -5.620103  19.020273        1
31     241.56500  9.8643010  8.5459907  1.3183103  13.364458  2.2773812  14.814600  -4.542359  21.634341        1
32     246.11800  14.893045  11.954548  2.9384967  19.730665  5.1864226  18.722673  -1.380255  25.289350        1
33     250.67000  17.751342  16.885606  0.8657360  4.8770172  9.9857383  23.785474  3.4834563  30.287756        1
34     255.21700  21.542052  22.162632  -0.620580  -2.880784  13.588515  30.736749  7.8264914  36.498773        1
35     259.76400  23.861194  25.191068  -1.329874  -5.573377  17.110672  33.271465  11.144636  39.237501        1
36     264.30900  25.884948  25.278091  0.6068568  2.3444388  16.490983  34.065199  10.813558  39.742624        1
37     268.84900  27.257529  25.487151  1.7703781  6.4950059  17.459243  33.515060  11.470848  39.503455        1
38     273.38900  28.048742  27.623437  0.4253051  1.5163073  18.794548  36.452326  13.133485  42.113390        1
39     277.92700  29.036311  30.002020  -0.965709  -3.325867  20.974639  39.029401  15.390276  44.613763        1
40     282.46100  28.399234  29.199588  -0.800355  -2.818227  20.435687  37.963490  14.749142  43.650035        1
41     286.99500  27.151090  25.890598  1.2604924  4.6425113  16.832088  34.949107  11.259602  40.521593        1
42     291.52400  25.480252  23.876465  1.6037868  6.2942347  15.754008  31.998921  9.8057952  37.947134        1
43     296.05300  23.250928  24.134832  -0.883904  -3.801586  14.710488  33.559177  9.2745595  38.995105        1
44     300.58000  22.796755  23.191778  -0.395023  -1.732805  14.214172  32.169384  8.6107339  37.772822        1
45     305.10300  18.711456  18.282723  0.4287337  2.2912897  10.188347  26.377098  4.2282445  32.337201        1
46     309.62500  14.361381  12.692120  1.6692608  11.623261  5.3378953  20.046346  -0.949510  26.333750        1
47     314.14400  10.119281  8.8711286  1.2481524  12.334398  2.1829711  15.559286  -4.423265  22.165522        1
48     318.66200  6.5083742  6.9245781  -0.416204  -6.394898  2.7678417  11.081315  -5.293765  19.142921        1
49     323.17800  3.3905075  6.1537331  -2.763226  -81.49888  4.0234621  8.2840041  -5.531621  17.839087        1
50     327.68900  1.2162738  5.9557693  -4.739495  -389.6734  4.6453472  7.2661915  -5.608254  17.519793        1
51     332.20100  1.1213437  6.0437409  -4.922397  -438.9731  4.9901031  7.0973787  -5.494006  17.581487        1
52     336.70800  0.0599349  6.3261236  -6.266189  -1.05e+04  5.3827819  7.2694653  -5.202074  17.854321        1
53     341.21500  -0.507835  6.7899002  -7.297735  1437.0296  5.8993561  7.6804442  -4.734097  18.313897        1
54     345.72000  -0.339451  7.4587461  -7.798197  2297.2980  6.5735454  8.3439468  -4.064839  18.982332        1
55     350.22000  2.6402080  8.3962709  -5.756063  -218.0155  7.4594555  9.3330863  -3.131394  19.923936        1
56     354.72100  6.1585296  9.7433528  -3.584823  -58.20908  8.6676698  10.819036  -1.796428  21.283133        1
57     359.21700  12.835450  11.786921  1.0485289  8.1690082  10.423184  13.150657  0.2167341  23.357107        1
58     363.71300  18.895397  15.082966  3.8124306  20.176505  13.193478  16.972454  3.4391004  26.726832        1
59     368.20500  27.149530  20.563993  6.5855378  24.256544  17.854922  23.273063  8.7593959  32.368589        1
60     372.69700  37.492705  29.555991  7.9367134  21.168687  25.804093  33.307890  17.469380  41.642603        1
61     377.18400  49.288483  43.478733  5.8097498  11.787236  38.710243  48.247223  31.038961  55.918506        1
62     381.67100  59.059589  63.242734  -4.183145  -7.082922  57.803352  68.682116  50.530680  75.954788        1
63     386.15400  86.661691  88.220088  -1.558397  -1.798253  82.556812  93.883364  75.410633  101.02954        1
64     390.63700  112.04598  115.00570  -2.959722  -2.641525  109.16149  120.84991  102.11523  127.89617        1
65     395.11800  132.25886  135.88605  -3.627190  -2.742493  129.47911  142.29299  122.73089  149.04122        1
66     399.59500  148.87937  140.79655  8.0828189  5.4291059  134.16740  147.42571  127.53175  154.06136        1
67     404.07100  127.02461  126.76463  0.2599737  0.2046640  120.67667  132.85260  113.76184  139.76743        1
68     408.54300  100.94412  101.75251  -0.808392  -0.800832  96.046060  107.45896  88.923908  114.58111        1
69     413.01500  72.505207  75.311003  -2.805796  -3.869785  69.728686  80.893320  62.537135  88.084871        1
70     417.48300  51.810006  52.843294  -1.033288  -1.994379  47.688052  57.998536  40.250202  65.436386        1
71     421.95100  37.010454  36.126338  0.8841160  2.3888278  31.840308  40.412367  23.863406  48.389269        1
72     426.41400  27.710150  24.890276  2.8198741  10.176322  21.665881  28.114670  12.956871  36.823681        1
73     430.87800  19.122887  17.864151  1.2587357  6.5823522  15.592254  20.136048  6.1521504  29.576151        1
74     435.33700  12.656975  13.640136  -0.983161  -7.767742  12.054052  15.226220  2.0416401  25.238631        1
75     439.79400  8.9430173  11.081347  -2.138329  -23.91060  9.9206808  12.242012  -0.466666  22.629359        1
76     444.25100  6.2055096  9.4560386  -3.250529  -52.38134  8.5422695  10.369808  -2.069777  20.981854        1
77     448.70300  4.6988346  8.3581255  -3.659291  -77.87657  7.5898890  9.1263621  -3.157066  19.873317        1
78     453.15600  4.1636481  7.5788285  -3.415180  -82.02375  6.9012686  8.2563884  -3.930669  19.088326        1
79     457.60400  3.5404024  7.0168100  -3.476408  -98.19244  6.3971933  7.6364266  -4.489422  18.523042        1
80     462.05200  0.1459414  6.6188608  -6.472919  -4435.285  6.0340362  7.2036853  -4.885550  18.123271        1
81     466.49600  0.3642816  6.3569836  -5.992702  -1645.074  5.7873770  6.9265902  -5.146663  17.860631        1
82     470.94000  1.5691294  6.2161509  -4.647021  -296.1529  5.6430177  6.7892841  -5.287671  17.719973        1
83     475.38000  4.8484651  6.1917631  -1.343298  -27.70563  5.5950600  6.7884661  -5.313257  17.696783        1
84     479.82000  9.0562829  6.2896360  2.7666469  30.549475  5.6443057  6.9349662  -5.218009  17.797281        1
85     484.25500  10.870385  6.5313869  4.3389981  39.915772  5.7987469  7.2640269  -4.981484  18.044258        1
86     488.68800  11.445080  6.9693837  4.4756960  39.105852  6.0783536  7.8604139  -4.554651  18.493418        1
87     493.12100  13.080295  7.7180433  5.3622513  40.994882  6.5344137  8.9016729  -3.832300  19.268386        1
88     497.55000  14.213875  9.0040027  5.2098722  36.653426  7.3046855  10.703320  -2.610519  20.618525        1
89     501.97900  16.637347  11.228147  5.4092000  32.512396  8.7235466  13.732747  -0.531210  22.987503        1
90     506.40400  19.406523  14.978652  4.4278707  22.816404  11.427867  18.529437  2.9529501  27.004355        1
91     510.82600  21.612710  20.936385  0.6763250  3.1292929  16.324540  25.548229  8.5558132  33.316956        1
92     515.24900  27.513225  29.608195  -2.094970  -7.614410  24.248032  34.968357  16.929836  42.286554        1
93     519.66700  38.316365  40.862353  -2.545987  -6.644647  35.220304  46.504401  28.062268  53.662437        1
94     524.08500  49.829614  53.379768  -3.550154  -7.124587  47.582026  59.177510  40.510298  66.249238        1
95     528.49900  67.755891  63.881362  3.8745293  5.7183651  57.559477  70.203247  50.767413  76.995311        1
96     532.91100  68.859130  67.586377  1.2727527  1.8483427  60.923323  74.249432  54.304595  80.868159        1
97     537.32300  61.297760  62.237901  -0.940141  -1.533728  56.039369  68.436433  49.182969  75.292832        1
98     541.73000  50.149500  51.001645  -0.852146  -1.699211  45.258313  56.744978  38.156595  63.846696        1
99     546.13600  39.027842  38.552091  0.4757516  1.2190055  32.940035  44.164146  25.765199  51.338983        1
100    550.54100  28.384814  27.729700  0.6551132  2.3079708  22.476382  32.983019  15.096142  40.363259        1
101    554.94300  22.049938  19.575014  2.4749238  11.224176  15.144942  24.005085  7.2609983  31.889029        1
102    559.34400  15.171661  14.045639  1.1260220  7.4218772  10.692931  17.398347  2.0769258  26.014352        1
103    563.74100  9.8567162  10.585983  -0.729267  -7.398682  8.2421701  12.929796  -1.140180  22.312146        1
104    568.13500  5.9889357  8.5193461  -2.530410  -42.25142  6.9220407  10.116652  -3.080689  20.119382        1
105    572.53000  3.0402842  7.2902012  -4.249917  -139.7868  6.1522359  8.4281665  -4.255552  18.835954        1
106    576.92100  1.3029874  6.5358876  -5.232900  -401.6079  5.6400250  7.4317503  -4.988522  18.060297        1
107    581.30900  0.1267715  6.0516388  -5.924867  -4673.658  5.2631793  6.8400982  -5.464919  17.568197        1
108    585.69800  -0.155976  5.7349402  -5.890916  3776.8068  4.9692879  6.5005926  -5.780079  17.249959        1
109    590.08200  0.1925117  5.5399330  -5.347421  -2777.712  4.7199375  6.3599285  -5.978827  17.058693        1
110    594.46400  1.4274713  5.4523670  -4.024896  -281.9598  4.4562808  6.4484533  -6.080266  16.985000        1
111    598.84400  3.0401246  5.4869934  -2.446869  -80.48580  4.0819536  6.8920331  -6.088134  17.062121        1
112    603.22400  4.9770328  5.6984381  -0.721405  -14.49469  3.5088410  7.8880353  -5.997877  17.394753        1
113    607.60000  6.9550550  6.1943709  0.7606840  10.937139  2.8115153  9.5772266  -5.782822  18.171564        1
114    611.97400  8.9373871  7.1267528  1.8106343  20.259101  2.3942389  11.859267  -5.299273  19.552779        1
115    616.34700  10.890267  8.6293965  2.2608708  20.760471  2.9050817  14.353711  -4.207161  21.465954        1
116    620.71700  12.087254  10.692030  1.3952235  11.542932  4.6289716  16.755089  -2.299125  23.683185        1
117    625.08400  12.965761  12.980628  -0.014866  -0.114659  6.6655550  19.295701  -0.130039  26.091295        1
118    629.45100  13.755056  14.633677  -0.878621  -6.387622  7.6146785  21.652676  1.1698078  28.097547        1
119    633.81500  13.768079  14.609230  -0.841151  -6.109430  7.6615006  21.556960  1.1823770  28.036083        1
120    638.17600  13.560551  12.992780  0.5677719  4.1869378  6.7342027  19.251357  -0.090768  26.076328        1
121    642.53500  12.516274  10.862234  1.6540395  13.215111  4.8147926  16.909676  -2.121640  23.846109        1
122    646.89400  11.217029  9.0142132  2.2028159  19.638140  3.3686589  14.659768  -3.787417  21.815843        1
123    651.24900  9.4799042  7.7343894  1.7455148  18.412790  3.1396049  12.329174  -4.639837  20.108616        1
124    655.60100  7.4292072  7.0066204  0.4225868  5.6881819  3.7543443  10.258896  -4.934349  18.947589        1
125    659.95200  5.5011120  6.6894983  -1.188386  -21.60266  4.5662458  8.8127508  -4.994578  18.373575        1
126    664.30300  3.7113473  6.6327781  -2.921431  -78.71618  5.1952081  8.0703482  -4.946343  18.211899        1
127    668.64900  2.2385161  6.7311844  -4.492668  -200.6985  5.5880416  7.8743272  -4.815080  18.277449        1
128    672.99300  1.0321373  6.9290219  -5.896885  -571.3276  5.8524253  8.0056186  -4.610844  18.468888        1
129    677.33600  0.1088856  7.2041397  -7.095254  -6516.245  6.0854013  8.3228782  -4.339734  18.748013        1
130    681.67600  -0.231916  7.5519940  -7.783910  3356.3497  6.3322479  8.7717401  -4.002106  19.106094        1
131    686.01600  -0.173066  7.9774704  -8.150536  4709.5065  6.6139725  9.3409683  -3.592688  19.547629        1
132    690.35200  1.1364490  8.4901792  -7.353730  -647.0797  6.9461904  10.034168  -3.102635  20.082993        1
133    694.68600  2.3164007  9.1044522  -6.788051  -293.0431  7.3470991  10.861805  -2.518703  20.727607        1
134    699.01800  4.3821035  9.8381917  -5.456088  -124.5084  7.8395013  11.836882  -1.823892  21.500276        1
135    703.35000  6.7939369  10.713220  -3.919283  -57.68796  8.4523479  12.974093  -0.996647  22.423087        1
136    707.67800  9.5891407  11.753210  -2.164070  -22.56792  9.2198853  14.286535  -0.012298  23.518718        1
137    712.00400  12.461194  12.985450  -0.524256  -4.207107  10.182816  15.788084  1.1590307  24.811870        1
138    716.32700  15.427964  14.437991  0.9899732  6.4167458  11.385379  17.490603  2.5498508  26.326131        1
139    720.64900  18.648937  16.140119  2.5088186  13.452877  12.874000  19.406238  4.1953722  28.084865        1
140    724.96800  21.905779  18.118234  3.7875453  17.290165  14.691058  21.545409  6.1284475  30.108020        1
141    729.28800  25.020392  20.398249  4.6221436  18.473506  16.873272  23.923225  8.3801415  32.416356        1
142    733.60300  28.008615  22.995407  5.0132080  17.898808  19.437246  26.553567  10.967525  35.023289        1
143    737.91600  30.926137  25.921843  5.0042947  16.181441  22.381166  29.462519  13.899121  37.944564        1
144    742.22800  33.701232  29.178876  4.5223564  13.418965  25.673048  32.684703  17.166371  41.191380        1
145    746.53700  36.504540  32.752859  3.7516811  10.277300  29.247966  36.257752  20.740627  44.765091        1
146    750.84400  39.483310  36.616994  2.8663160  7.2595636  33.025443  40.208546  24.579192  48.654796        1
147    755.15100  42.682981  40.727401  1.9555805  4.5816399  36.936422  44.518379  28.628601  52.826201        1
148    759.45400  45.500727  45.013214  0.4875128  1.0714396  40.940667  49.085762  32.823256  57.203173        1
149    763.75500  48.313941  49.386423  -1.072482  -2.219818  45.032870  53.739976  37.099729  61.673118        1
150    768.05400  51.381576  53.736473  -2.354897  -4.583154  49.202954  58.269991  41.384864  66.088081        1
151    772.35100  54.506553  57.942545  -3.435992  -6.303814  53.391611  62.493479  45.584534  70.300556        1
152    776.64600  58.044767  61.897521  -3.852755  -6.637557  57.442870  66.352172  49.574642  74.220401        1
153    780.93800  61.981871  65.547224  -3.565353  -5.752251  61.113768  69.980679  53.231991  77.862457        1
154    785.22900  66.484123  68.944444  -2.460321  -3.700614  64.285661  73.603227  56.546311  81.342577        1
155    789.51800  71.590133  72.289100  -0.698967  -0.976345  67.269765  77.308435  59.751031  84.827169        1
156    793.80700  77.415125  75.951766  1.4633595  1.8902760  70.746654  81.156877  63.338177  88.565354        1
157    798.09100  83.924862  80.440637  3.4842250  4.1516005  75.365849  85.515424  67.880266  93.001007        1
158    802.37400  91.119994  86.349442  4.7705514  5.2354606  81.481196  91.217689  73.871091  98.827794        1
159    806.65400  97.985943  94.247329  3.7386140  3.8154595  89.259050  99.235608  81.721661  106.77300        1
160    810.93300  107.77100  104.58438  3.1866212  2.9568449  99.182533  109.98622  91.888340  117.28041        1
161    815.20900  118.72166  117.56804  1.1536187  0.9717003  111.91323  123.22285  104.76233  130.37376        1
162    819.48400  132.28331  133.07357  -0.790257  -0.597397  127.50899  138.63814  120.30744  145.83969        1
163    823.75600  150.17955  150.49862  -0.319068  -0.212458  144.89132  156.10592  137.71382  163.28343        1
164    828.02600  166.55566  168.67396  -2.118310  -1.271833  162.46941  174.87852  155.61617  181.73176        1
165    832.29500  182.08177  185.94446  -3.862690  -2.121404  179.37098  192.51793  172.70739  199.18153        1
166    836.56100  199.67284  200.98275  -1.309906  -0.656026  194.60955  207.35594  187.84399  214.12151        1
167    840.82500  217.94215  214.81342  3.1287364  1.4355811  207.81057  221.81627  201.35796  228.26887        1
168    845.08700  235.45383  232.97152  2.4823099  1.0542661  225.70747  240.23557  219.37829  246.56475        1
169    849.34800  267.43015  265.32468  2.1054750  0.7872990  258.25135  272.39800  251.83241  278.81695        1
170    853.60600  323.43174  322.65042  0.7813156  0.2415705  314.58539  330.71545  308.61283  336.68802        1
171    857.86200  412.84482  413.11294  -0.268121  -0.064945  405.06559  421.16028  399.08549  427.14038        1
172    862.11600  533.37539  539.47438  -6.098990  -1.143470  530.15437  548.79440  524.68006  554.26871        1
173    866.36800  715.86048  706.83363  9.0268449  1.2609783  697.68913  715.97813  692.14924  721.51802        1
174    870.61900  944.80927  946.79088  -1.981610  -0.209736  937.79290  955.78885  932.19728  961.38447        1
175    874.86700  1221.9434  1233.1306  -11.18727  -0.915531  1223.2918  1242.9695  1218.0041  1248.2572        1
176    879.11300  1363.3769  1343.5476  19.829377  1.4544310  1334.4236  1352.6715  1328.8760  1358.2191        1
177    883.35700  1083.1900  1096.1544  -12.96443  -1.196875  1087.4741  1104.8348  1081.7545  1110.5544        1
178    887.59900  707.45055  712.82512  -5.374562  -0.759709  704.91052  720.73971  698.87340  726.77683        1
179    891.83900  407.84859  409.11533  -1.266736  -0.310590  402.00296  416.22770  395.60255  422.62811        1
180    896.07700  247.73112  229.38699  18.344127  7.4048538  223.61178  235.16220  216.52765  242.24632        1
181    900.31300  161.58212  140.00928  21.572839  13.351006  134.86923  145.14934  127.42240  152.59616        1
182    904.54700  107.99361  97.143566  10.850044  10.046931  92.614998  101.67213  84.793774  109.49336        1
183    908.77900  77.376585  73.989236  3.3873495  4.3777449  70.220539  77.757932  61.897399  86.081072        1
184    913.00900  53.608050  59.228769  -5.620719  -10.48484  56.147909  62.309629  47.333344  71.124194        1
185    917.23700  36.280010  48.769677  -12.48967  -34.42576  46.222449  51.316905  37.001168  60.538187        1
186    921.46300  27.276468  40.964385  -13.68792  -50.18214  38.816123  43.112646  29.275738  52.653032        1
187    925.68700  19.688432  34.959985  -15.27155  -77.56612  33.112457  36.807513  23.322854  46.597115        1
188    929.90900  13.892905  30.233817  -16.34091  -117.6205  28.617932  31.849703  18.631208  41.836426        1
189    934.12900  9.8658957  26.441888  -16.57599  -168.0130  25.008965  27.874810  14.863343  38.020433        1
190    938.34700  7.7864085  23.349271  -15.56286  -199.8722  22.064475  24.634068  11.788123  34.910419        1
191    942.56400  5.6416576  20.790444  -15.14879  -268.5166  19.628271  21.952617  9.2422799  32.338608        1
192    946.77800  4.2442332  18.647941  -14.40371  -339.3713  17.589132  19.706750  7.1097212  30.186161        1
193    950.99000  2.9629486  16.833940  -13.87099  -468.1482  15.863612  17.804267  5.3035025  28.364377        1
194    955.20000  1.7033091  15.283206  -13.57990  -797.2656  14.389553  16.176860  3.7589686  26.807444        1
195    959.40800  0.7736195  13.946103  -13.17248  -1702.708  13.119559  14.772646  2.4268745  25.465331        1
196    963.61200  0.0818689  12.784805  -12.70294  -1.55e+04  12.017462  13.552149  1.2696738  24.299937        1
197    967.81600  -0.041407  11.768212  -11.80962  2.852e+04  11.053507  12.482917  0.2564685  23.279956        1
198    972.01800  -0.076428  10.873138  -10.94957  1.433e+04  10.205493  11.540784  -0.635779  22.382056        1
199    976.21900  -0.031200  10.080363  -10.11156  3.241e+04  9.4550173  10.705708  -1.426179  21.586904        1
200    980.41700  -0.096227  9.3748538  -9.471081  9842.3923  8.7876848  9.9620227  -2.129676  20.879384        1
201    984.61300  0.0412251  8.7438331  -8.702608  -2.11e+04  8.1912680  9.2963982  -2.758983  20.246649        1
202    988.80700  -0.018874  8.1769450  -8.195819  4.342e+04  7.6558600  8.6980300  -3.324401  19.678291        1
203    993.00000  -0.089082  7.6654807  -7.754562  8704.9981  7.1731355  8.1578260  -3.834599  19.165561        1
204    997.19000  -0.098383  7.2025019  -7.300885  7420.8509  6.7364619  7.6685419  -4.296482  18.701486        1
205    1001.3800  -0.133739  6.7816478  -6.915387  5170.8071  6.3397693  7.2235262  -4.716382  18.279678        1
