XY  *  X Value    Y Value    Y Predict  Residual   Residual%  90% Confidence Limits 90% Prediction Limits Weights
1      104.06800  0.0000000  6.5850014  -6.585001  0.0000000  0.7325584  12.437444  -9.885498  23.055500        1
2      108.69000  18.717122  16.094959  2.6221627  14.009433  7.5681716  24.621746  -1.504255  33.694174        1
3      113.30900  43.369351  32.553825  10.815526  24.938179  23.229011  41.878639  14.554425  50.553225        1
4      117.92600  46.973696  54.512277  -7.538580  -16.04851  45.711651  63.312902  36.778770  72.245783        1
5      122.54100  70.271218  75.592936  -5.321718  -7.573111  65.510114  85.675758  57.189416  93.996456        1
6      127.15200  89.491390  86.838909  2.6524810  2.9639511  76.784848  96.892971  68.451131  105.22669        1
7      131.76200  90.164912  83.073256  7.0916565  7.8652065  72.361937  93.784575  64.318027  101.82848        1
8      136.37000  67.567506  73.560973  -5.993467  -8.870339  61.881716  85.240231  54.236602  92.885344        1
9      140.97600  95.730117  98.181413  -2.451296  -2.560632  83.834739  112.52809  77.137333  119.22549        1
10     145.57700  149.75049  144.61332  5.1371670  3.4304843  130.33754  158.88910  123.61751  165.60913        1
11     150.17900  89.580965  98.202274  -8.621309  -9.624042  84.995214  111.40933  77.917978  118.48657        1
12     154.77800  38.615228  26.112086  12.503142  32.378785  15.461575  36.762597  7.3915188  44.832653        1
13     159.37400  5.1043039  6.0659796  -0.961676  -18.84049  2.1931454  9.9388139  -9.809319  21.941278        1
14     163.96700  -14.11839  6.4948959  -20.61329  146.00308  3.0319486  9.9578432  -9.285416  22.275208        1
15     168.55900  -12.38058  11.476455  -23.85703  192.69723  7.9696424  14.983267  -4.313541  27.266451        1
16     173.14900  -3.702891  20.728478  -24.43137  659.79181  16.639296  24.817661  4.7990194  36.657937        1
17     177.73600  15.943969  36.276244  -20.33228  -127.5233  30.856458  41.696030  19.954469  52.598018        1
18     182.32000  55.379769  60.444530  -5.064762  -9.145509  53.426345  67.462716  43.524685  77.364376        1
19     186.90300  100.58091  94.867090  5.7138149  5.6808147  86.945826  102.78835  77.553146  112.18104        1
20     191.48400  149.91868  139.29727  10.621402  7.0847759  131.59772  146.99683  122.08364  156.51091        1
21     196.06200  200.72466  190.85450  9.8701605  4.9172635  183.53030  198.17871  173.80545  207.90356        1
22     200.63700  246.97922  244.38814  2.5910850  1.0491105  236.45354  252.32273  227.06809  261.70818        1
23     205.21100  290.95992  294.14071  -3.180790  -1.093206  285.65850  302.62292  276.56305  311.71837        1
24     209.78300  326.18931  335.92008  -9.730779  -2.983169  327.84062  343.99955  318.53319  353.30698        1
25     214.35000  362.45310  368.64274  -6.189645  -1.707709  360.77011  376.51537  351.35100  385.93449        1
26     218.91800  394.34246  394.22013  0.1223345  0.0310224  385.80340  402.63686  376.67397  411.76628        1
27     223.48300  419.28324  415.69428  3.5889568  0.8559743  407.38964  423.99892  398.20162  433.18695        1
28     228.04300  442.30636  435.19555  7.1108113  1.6076665  427.83192  442.55917  418.12952  452.26157        1
29     232.60400  457.42762  452.68546  4.7421617  1.0367021  445.60675  459.76416  435.74042  469.63050        1
30     237.16200  470.29492  466.00040  4.2945235  0.9131554  458.38664  473.61416  448.82496  483.17583        1
31     241.71900  472.97934  472.03532  0.9440262  0.1995914  464.31637  479.75426  454.81299  489.25764        1
32     246.27100  470.33675  468.05155  2.2852045  0.4858656  460.82272  475.28037  451.04325  485.05984        1
33     250.82200  447.12349  452.60748  -5.483992  -1.226505  445.69527  459.51969  435.73132  469.48364        1
34     255.37000  417.02190  425.87459  -8.852696  -2.122837  418.78051  432.96867  408.92312  442.82606        1
35     259.91700  381.21225  389.44219  -8.229941  -2.158887  382.16302  396.72137  372.41244  406.47195        1
36     264.46200  341.58188  345.91513  -4.333246  -1.268582  338.86630  352.96395  328.98255  362.84770        1
37     269.00200  298.66759  298.40978  0.2578158  0.0863220  291.93480  304.88476  281.70793  315.11162        1
38     273.54300  254.87092  249.95498  4.9159338  1.9287936  244.02062  255.88934  233.45520  266.45477        1
39     278.08100  210.97274  203.31910  7.6536358  3.6277842  197.57507  209.06314  186.88681  219.75139        1
40     282.61500  166.82000  160.62534  6.1946620  3.7133808  154.76280  166.48788  144.15125  177.09943        1
41     287.14900  124.79270  123.23119  1.5615084  1.2512819  117.22365  129.23874  106.70495  139.75744        1
42     291.68100  87.272456  91.842210  -4.569754  -5.236193  85.882693  97.801727  75.333361  108.35106        1
43     296.20800  73.586719  66.552590  7.0341294  9.5589659  60.886205  72.218975  50.147281  82.957899        1
44     300.73500  50.747551  46.967776  3.7797741  7.4481903  41.768863  52.166690  30.718009  63.217544        1
45     305.25800  34.839016  32.481693  2.3573234  6.7663318  27.795340  37.168045  16.388584  48.574802        1
46     309.78100  19.713112  22.377700  -2.664588  -13.51683  18.098981  26.656420  6.3985360  38.356864        1
47     314.30200  8.3314876  16.031898  -7.700411  -92.42540  11.885122  20.178674  0.0875574  31.976239        1
48     318.81800  2.4623009  12.999281  -10.53698  -427.9323  8.5592132  17.439348  -3.023841  29.022403        1
49     323.33400  2.9506330  13.076962  -10.12633  -343.1917  7.9350381  18.218885  -3.154663  29.308586        1
50     327.84600  10.140952  16.315448  -6.174496  -60.88675  10.313372  22.317523  -0.208812  32.839707        1
51     332.35800  23.228381  22.951517  0.2768640  1.1919214  16.280718  29.622317  6.1727863  39.730248        1
52     336.86700  35.115486  33.266031  1.8494544  5.2667772  26.364177  40.167885  16.394107  50.137956        1
53     341.37300  51.543248  47.408411  4.1348366  8.0220723  40.640971  54.175852  30.591025  64.225798        1
54     345.87800  69.974338  65.216335  4.7580033  6.7996403  58.500115  71.932555  48.419494  82.013176        1
55     350.37900  86.437392  86.063154  0.3742379  0.4329583  78.966528  93.159781  69.110622  103.01569        1
56     354.87900  108.71592  108.92113  -0.205217  -0.188765  101.34470  116.49757  91.762210  126.08006        1
57     359.37600  130.40928  132.53308  -2.123800  -1.628565  124.88655  140.17962  115.34309  149.72307        1
58     363.87200  151.53999  155.87627  -4.336274  -2.861472  148.43088  163.32166  138.77480  172.97773        1
59     368.36600  175.53790  178.65800  -3.120101  -1.777451  171.07642  186.23957  161.49680  195.81919        1
60     372.85600  199.71170  201.79196  -2.080261  -1.041632  193.80442  209.77951  184.44760  219.13633        1
61     377.34600  228.16467  227.62316  0.5415140  0.2373347  219.59866  235.64765  210.26174  244.98457        1
62     381.83200  261.09299  259.61760  1.4753904  0.5650824  251.81422  267.42098  242.35727  276.87793        1
63     386.31700  304.62807  301.81893  2.8091434  0.9221551  293.81001  309.82785  284.46471  319.17315        1
64     390.79800  359.12579  357.96826  1.1575264  0.3223178  349.60017  366.33635  340.44539  375.49114        1
65     395.27900  424.19724  431.10107  -6.903838  -1.627507  422.86118  439.34097  413.63905  448.56310        1
66     399.75600  519.14640  523.37279  -4.226395  -0.814105  515.27113  531.47446  505.97558  540.77001        1
67     404.23300  642.62357  636.89471  5.7288650  0.8914807  628.47227  645.31715  619.34581  654.44361        1
68     408.70500  776.06148  773.95299  2.1084854  0.2716905  765.46153  782.44445  756.37086  791.53512        1
69     413.17700  934.15127  937.23705  -3.085787  -0.330331  929.00565  945.46845  919.77904  954.69506        1
70     417.64500  1104.4970  1127.4386  -22.94164  -2.077112  1119.0321  1135.8452  1109.8974  1144.9799        1
71     422.11300  1357.6797  1340.6005  17.079161  1.2579669  1331.9699  1349.2312  1322.9508  1358.2503        1
72     426.57700  1575.6638  1564.0563  11.607429  0.7366691  1555.6894  1572.4233  1546.5340  1581.5786        1
73     431.04100  1783.3102  1775.7593  7.5508957  0.4234202  1767.4392  1784.0793  1758.2593  1793.2593        1
74     435.50000  1935.7601  1945.9047  -10.14452  -0.524059  1937.3099  1954.4994  1928.2724  1963.5369        1
75     439.95900  2023.0507  2044.2803  -21.22962  -1.049386  2035.8306  2052.7300  2026.7183  2061.8423        1
76     444.41500  2045.9313  2048.3213  -2.390031  -0.116819  2040.0975  2056.5452  2030.8669  2065.7758        1
77     448.87000  1963.1056  1951.1043  12.001294  0.6113422  1942.6747  1959.5339  1933.5520  1968.6566        1
78     453.32000  1776.9331  1764.5532  12.379929  0.6967020  1756.1088  1772.9976  1746.9938  1782.1126        1
79     457.77100  1527.9625  1516.0718  11.890683  0.7782051  1507.9952  1524.1484  1498.6863  1533.4574        1
80     462.21700  1227.0329  1241.8121  -14.77917  -1.204464  1233.6719  1249.9523  1224.3969  1259.2273        1
81     466.66200  966.83220  976.11730  -9.285103  -0.960363  967.72859  984.50601  958.58457  993.65003        1
82     471.10600  730.29440  744.62396  -14.32956  -1.962162  736.55427  752.69364  727.24161  762.00631        1
83     475.54600  562.46073  560.45329  2.0074438  0.3569038  552.76672  568.13985  543.24545  577.66112        1
84     479.98600  443.51738  424.40962  19.107757  4.3082318  416.56973  432.24952  407.13275  441.68649        1
85     484.42100  330.78229  329.23183  1.5504571  0.4687243  321.28980  337.17387  311.90837  346.55529        1
86     488.85700  265.32169  263.64699  1.6747008  0.6311963  256.04432  271.24966  246.47647  280.81751        1
87     493.28800  211.80108  216.79978  -4.998702  -2.360093  209.44746  224.15210  199.73863  233.86093        1
88     497.71700  171.55279  180.23752  -8.684736  -5.062428  172.71971  187.75534  163.10440  197.37064        1
89     502.14600  142.60782  148.81187  -6.204051  -4.350428  141.21815  156.40559  131.64531  165.97843        1
90     506.57100  117.37174  120.25814  -2.886401  -2.459196  113.04665  127.46962  103.25720  137.25907        1
91     510.99600  94.686573  94.140527  0.5460460  0.5766879  87.445828  100.83523  77.352280  110.92877        1
92     515.41700  75.407445  70.958066  4.4493792  5.9004507  64.404556  77.511576  54.225620  87.690512        1
93     519.83500  56.823624  51.312566  5.5110574  9.6985320  44.590523  58.034610  34.513396  68.111737        1
94     524.25400  38.916949  35.518754  3.3981954  8.7319164  28.792823  42.244684  18.718028  52.319480        1
95     528.66800  24.900803  23.522584  1.3782192  5.5348386  17.208802  29.836365  6.8825691  40.162598        1
96     533.08200  12.888033  14.890777  -2.002744  -15.53956  9.2876992  20.493854  -1.492774  31.274327        1
97     537.49200  5.4839318  9.0168363  -3.532905  -64.42284  4.0988113  13.934861  -7.145256  25.178928        1
98     541.90000  -1.529037  5.2434398  -6.772476  442.92439  0.6954422  9.7914373  -10.80993  21.296805        1
99     546.30800  -3.701235  3.0216753  -6.722910  181.63966  -1.504140  7.5474907  -13.02542  19.068770        1
100    550.71100  -1.904514  2.0643182  -3.968832  208.39083  -2.591796  6.7204321  -14.02001  18.148647        1
101    555.11300  -1.962678  2.5633050  -4.525983  230.60243  -2.273649  7.4002592  -13.57430  18.700912        1
102    559.51400  -1.338148  5.5043897  -6.842537  511.34396  0.1074890  10.901290  -10.80980  21.818579        1
103    563.91100  11.146594  12.878523  -1.731929  -15.53774  6.1526064  19.604440  -3.922197  29.679244        1
104    568.30700  30.021897  27.397362  2.6245355  8.7420708  19.248427  35.546296  9.9780799  44.816643        1
105    572.70200  51.422788  51.309726  0.1130622  0.2198679  42.771130  59.848322  33.704787  68.914665        1
106    577.09200  86.016483  84.715878  1.3006052  1.5120418  76.389578  93.042178  67.212921  102.21884        1
107    581.48100  123.92495  125.05365  -1.128700  -0.910793  116.12256  133.98474  107.25504  142.85226        1
108    585.87000  168.50057  168.89688  -0.396314  -0.235201  159.56261  178.23115  150.89258  186.90118        1
109    590.25400  211.41133  215.34941  -3.938081  -1.862758  206.29306  224.40576  197.48761  233.21121        1
110    594.63700  268.80772  267.72339  1.0843288  0.4033845  258.33367  277.11312  249.69028  285.75651        1
111    599.01900  333.78003  330.08647  3.6935591  1.1065848  320.83017  339.34278  312.12247  348.05047        1
112    603.39700  401.23996  400.64644  0.5935197  0.1479214  391.91981  409.37307  382.94954  418.34335        1
113    607.77300  464.31008  467.68577  -3.375685  -0.727033  458.45619  476.91535  449.73552  485.63601        1
114    612.14900  511.32046  512.34203  -1.021575  -0.199792  503.00213  521.68194  494.33481  530.34926        1
115    616.52100  512.53213  517.53409  -5.001964  -0.975932  508.59166  526.47652  499.72978  535.33840        1
116    620.89100  485.14702  477.24673  7.9002981  1.6284338  468.28643  486.20702  459.43344  495.06001        1
117    625.26100  405.43201  399.70038  5.7316270  1.4137086  391.09544  408.30532  382.06317  417.33759        1
118    629.62600  304.33986  303.40951  0.9303495  0.3056942  295.60605  311.21297  286.14915  320.66988        1
119    633.99000  193.51171  208.52196  -15.01025  -7.756765  200.77086  216.27305  191.28520  225.75871        1
120    638.35100  125.26845  129.73307  -4.464617  -3.564039  121.71124  137.75490  112.37288  147.09325        1
121    642.71200  76.751804  73.039310  3.7124938  4.8370119  65.526856  80.551764  55.908542  90.170078        1
122    647.07000  43.027740  37.227125  5.8006156  13.481107  30.959798  43.494451  20.604681  53.849568        1
123    651.42500  27.483799  17.180643  10.303157  37.488109  12.228315  22.132971  1.0080796  33.353206        1
124    655.77800  18.288037  7.1794432  11.108594  60.742407  3.1491606  11.209726  -8.734998  23.093884        1
125    660.13000  13.493133  2.7162532  10.776880  79.869365  -0.782192  6.2146986  -13.07189  18.504393        1
126    664.47900  12.602776  0.9309604  11.671816  92.613053  -2.226398  4.0883189  -14.78512  16.647040        1
127    668.82600  7.9917226  0.2890288  7.7026938  96.383398  -2.595332  3.1733893  -15.37449  15.952546        1
128    673.17100  5.3238586  0.0812942  5.2425644  98.473022  -2.565251  2.7278392  -15.54018  15.702768        1
129    677.51500  2.6434733  0.0207111  2.6227622  99.216518  -2.419386  2.4608082  -15.56711  15.608537        1
130    681.85600  3.0488492  0.0047831  3.0440661  99.843118  -2.258694  2.2682603  -15.55637  15.565939        1
131    686.19400  4.3631277  0.0010015  4.3621261  99.977046  -2.112198  2.1142011  -15.53901  15.541010        1
132    690.53100  7.5416183  0.0001900  7.5414283  99.997480  -1.984967  1.9853470  -15.52292  15.523305        1
133    694.86500  9.5121932  3.272e-05  9.5121604  99.999656  -1.875738  1.8758032  -15.50947  15.509538        1
134    699.19900  10.906587  5.187e-06  10.906582  99.999952  -1.781996  1.7820061  -15.49844  15.498449        1
135    703.52900  11.229885  1.042e-06  11.229884  99.999991  -1.701597  1.7015987  -15.48940  15.489407        1
136    707.85700  11.927670  1.195e-06  11.927668  99.999990  -1.632694  1.6326960  -15.48199  15.481989        1
137    712.18300  9.9904373  3.657e-06  9.9904337  99.999963  -1.573879  1.5738859  -15.47589  15.475900        1
138    716.50700  9.0841353  1.159e-05  9.0841237  99.999872  -1.524064  1.5240870  -15.47090  15.470922        1
139    720.83100  5.8354132  3.543e-05  5.8353777  99.999393  -1.482399  1.4824703  -15.46683  15.466899        1
140    725.15100  5.0396339  0.0001041  5.0395298  99.997935  -1.448289  1.4484974  -15.46353  15.463742        1
141    729.46800  1.7043962  0.0002939  1.7041023  99.982754  -1.421217  1.4218053  -15.46085  15.461437        1
142    733.78400  -1.041239  0.0007984  -1.042038  100.07667  -1.400706  1.4023027  -15.45852  15.460115        1
143    738.09700  -3.793942  0.0020847  -3.796027  100.05495  -1.386146  1.3903153  -15.45603  15.460203        1
144    742.40900  -5.976623  0.0052360  -5.981858  100.08761  -1.376377  1.3868490  -15.45229  15.462762        1
145    746.71800  -7.576317  0.0126448  -7.588962  100.16690  -1.368959  1.3942489  -15.44488  15.470170        1
146    751.02800  -8.476576  0.0293867  -8.505962  100.34668  -1.358712  1.4174854  -15.42872  15.487494        1
147    755.33300  -8.274747  0.0656484  -8.340396  100.79336  -1.335210  1.4665067  -15.39361  15.524906        1
148    759.63600  -6.996215  0.1410643  -7.137279  102.01629  -1.278575  1.5607037  -15.31991  15.602035        1
149    763.93800  -6.303752  0.2916248  -6.595377  104.62621  -1.153219  1.7364689  -15.17168  15.754931        1
150    768.23700  -4.295355  0.5798598  -4.875215  113.49969  -0.899625  2.0593448  -14.88672  16.046441        1
151    772.53400  -1.731067  1.1092035  -2.840271  164.07628  -0.424367  2.6427741  -14.36264  16.581052        1
152    776.82900  -0.748033  2.0413260  -2.789359  372.89264  0.4106244  3.6720275  -13.44045  17.523104        1
153    781.12400  -0.736698  3.6154423  -4.352141  590.76286  1.8033445  5.4275401  -11.88649  19.117376        1
154    785.41500  3.1209755  6.1595714  -3.038596  -97.36046  4.0333045  8.2858383  -9.382219  21.701362        1
155    789.70400  12.352630  10.097695  2.2549349  18.254694  7.4944249  12.700966  -5.516505  25.711896        1
156    793.99100  23.145732  15.929420  7.2163123  31.177723  12.697368  19.161472  0.1981641  31.660676        1
157    798.27600  38.014986  24.182813  13.832174  36.386107  20.225821  28.139804  8.2867746  40.078851        1
158    802.55800  52.182508  35.328851  16.853657  32.297522  30.641724  40.015979  19.235517  51.422186        1
159    806.83900  67.116650  49.678464  17.438187  25.981909  44.364380  54.992548  33.391483  65.965444        1
160    811.11800  86.897893  67.236568  19.661324  22.625778  61.498628  72.974509  50.806407  83.666730        1
161    815.39500  98.466522  87.592081  10.874441  11.043795  81.687708  93.496454  71.103059  104.08110        1
162    819.66900  104.64306  109.83688  -5.193818  -4.963366  103.99402  115.67973  93.369781  126.30397        1
163    823.94200  116.24281  132.59424  -16.35142  -14.06661  126.90824  138.28024  116.18214  149.00633        1
164    828.21300  133.69356  154.09641  -20.40285  -15.26091  148.46936  159.72346  137.70465  170.48818        1
165    832.48100  156.63967  172.41117  -15.77150  -10.06865  166.62727  178.19508  155.96490  188.85744        1
166    836.75000  174.71379  185.73792  -11.02412  -6.309818  179.65931  191.81652  169.18571  202.29013        1
167    841.01400  187.42947  192.65296  -5.223490  -2.786910  186.35174  198.95418  176.01771  209.28821        1
168    845.27700  200.32369  192.41561  7.9080816  3.9476517  186.12476  198.70645  175.78428  209.04693        1
169    849.53700  199.08049  185.06221  14.018279  7.0415133  179.00827  191.11615  168.51904  201.60537        1
170    853.79600  189.41101  171.40486  18.006149  9.5063898  165.64534  177.16439  154.96715  187.84257        1
171    858.05200  164.66681  152.89568  11.771131  7.1484541  147.28254  158.50881  136.50868  169.28267        1
172    862.30600  141.47693  131.35635  10.120576  7.1535170  125.67639  137.03632  114.94635  147.76636        1
173    866.55900  111.91715  108.69074  3.2264043  2.8828507  102.85670  114.52479  92.226774  125.15471        1
174    870.80900  82.736021  86.632601  -3.896580  -4.709654  80.748217  92.516984  70.150725  103.11448        1
175    875.05800  53.136548  66.511098  -13.37455  -25.17015  60.806736  72.215459  50.092633  82.929563        1
176    879.30400  31.452002  49.193520  -17.74152  -56.40823  43.925119  54.461920  32.921387  65.465652        1
177    883.54800  16.924082  35.052629  -18.12855  -107.1169  30.422191  39.683066  18.975714  51.129544        1
178    887.79100  9.8528427  24.061060  -14.20822  -144.2042  20.175050  27.947070  8.1825426  39.939578        1
179    892.03100  11.921368  15.914405  -3.993037  -33.49479  12.776356  19.052454  0.2021931  31.626617        1
180    896.26900  11.308346  10.142240  1.1661058  10.311904  7.6710787  12.613402  -5.450479  25.734959        1
181    900.50500  6.9736782  6.2282806  0.7453975  10.688729  4.2894423  8.1671190  -9.288979  21.745540        1
182    904.74000  -1.290347  3.6851950  -4.975542  385.59711  2.1271836  5.2432063  -11.78909  19.159485        1
183    908.97200  -5.924834  2.1015578  -8.026392  135.47032  0.7903101  3.4128055  -13.34984  17.552953        1
184    913.20200  -10.03393  1.1549995  -11.18893  111.51094  -0.003876  2.3138755  -14.28421  16.594211        1
185    917.43100  -7.105179  0.6116988  -7.716878  108.60920  -0.448438  1.6718351  -14.82042  16.043813        1
186    921.65700  -9.084609  0.3122929  -9.396902  103.43760  -0.674947  1.2995325  -15.11498  15.739570        1
187    925.87900  -9.132514  0.1537321  -9.286246  101.68335  -0.772402  1.0798659  -15.26976  15.577220        1
188    930.10200  -7.877351  0.0729118  -7.950263  100.92559  -0.798321  0.9441443  -15.34738  15.493200        1
189    934.32200  -5.328549  0.0333411  -5.361891  100.62571  -0.787569  0.8542513  -15.38419  15.450868        1
190    938.54000  -1.685637  0.0146980  -1.700335  100.87196  -0.760050  0.7894458  -15.40044  15.429836        1
191    942.75600  -1.215332  0.0062468  -1.221579  100.51400  -0.726334  0.7388272  -15.40683  15.419323        1
192    946.97100  -1.646243  0.0025592  -1.648802  100.15546  -0.691619  0.6967376  -15.40874  15.413858        1
193    951.18300  -3.039162  0.0010111  -3.040173  100.03327  -0.658247  0.6602695  -15.40875  15.410777        1
194    955.39300  -5.245383  0.0003852  -5.245768  100.00734  -0.627085  0.6278552  -15.40805  15.408823        1
195    959.60200  -6.404987  0.0001415  -6.405128  100.00221  -0.598325  0.5986084  -15.40714  15.407426        1
196    963.80800  -6.943732  5.012e-05  -6.943782  100.00072  -0.571896  0.5719967  -15.40623  15.406327        1
197    968.01300  -6.656407  1.712e-05  -6.656424  100.00026  -0.547596  0.5476303  -15.40538  15.405410        1
198    972.21500  -4.019118  5.641e-06  -4.019124  100.00014  -0.525224  0.5252354  -15.40461  15.404619        1
199    976.41300  -3.324099  1.794e-06  -3.324101  100.00005  -0.504582  0.5045854  -15.40392  15.403925        1
200    980.61200  -2.511286  5.497e-07  -2.511287  100.00002  -0.485463  0.4854638  -15.40331  15.403309        1
201    984.80800  -1.668082  1.626e-07  -1.668082  100.00001  -0.467725  0.4677256  -15.40276  15.402760        1
202    989.00300  -0.970970  4.635e-08  -0.970970  100.00000  -0.451220  0.4512200  -15.40227  15.402268        1
203    993.19500  -0.507848  1.275e-08  -0.507848  100.00000  -0.435831  0.4358314  -15.40182  15.401824        1
204    997.38600  0.0120927  3.385e-09  0.0120927  99.999972  -0.421444  0.4214443  -15.40142  15.401424        1
