XY  *  X Value    Y Value    Y Predict  Residual   Residual%  90% Confidence Limits 90% Prediction Limits Weights
1      108.69000  3.7970888  11.980753  -8.183664  -215.5247  7.6092817  16.352224  -0.853402  24.814908        1
2      113.30900  28.081547  20.381708  7.6998391  27.419568  11.455521  29.307896  5.3722917  35.391125        1
3      117.92600  36.881392  40.409346  -3.527954  -9.565676  30.996835  49.821857  25.105715  55.712977        1
4      122.54100  60.720948  59.275173  1.4457751  2.3810154  48.246933  70.303413  42.928068  75.622278        1
5      127.15200  52.490513  52.486405  0.0041078  0.0078259  40.655480  64.317330  35.587394  69.385416        1
6      131.76200  42.498521  42.365090  0.1334311  0.3139665  30.305607  54.424573  25.305287  59.424893        1
7      136.37000  30.398435  30.611715  -0.213280  -0.701616  18.552536  42.670895  13.552126  47.671304        1
8      140.97600  20.399244  16.424210  3.9750340  19.486183  4.5467620  28.301658  -0.507404  33.355824        1
9      145.57700  12.510645  15.840892  -3.330247  -26.61931  11.491810  20.189975  3.0143461  28.667438        1
10     150.17900  5.6989174  16.984818  -11.28590  -198.0359  12.350930  21.618706  4.0589262  29.910711        1
11     154.77800  0.2749660  18.864205  -18.58924  -6760.558  14.097597  23.630812  5.8901413  31.838268        1
12     159.37400  -13.78923  21.876327  -35.66556  258.64792  17.162002  26.590651  8.9213806  34.831273        1
13     163.96700  -4.052366  26.812045  -30.86441  761.63929  22.332359  31.291732  13.940629  39.683462        1
14     168.55900  13.769950  34.899285  -21.12933  -153.4453  30.554700  39.243870  22.074263  47.724307        1
15     173.14900  39.481711  47.773547  -8.291836  -21.00171  42.978417  52.568677  34.788978  60.758116        1
16     177.73600  68.486579  67.263597  1.2229820  1.7857251  61.568197  72.958997  53.920308  80.606885        1
17     182.32000  104.70961  94.944151  9.7654603  9.3262311  88.712064  101.17624  81.363110  108.52519        1
18     186.90300  142.65973  131.53477  11.124969  7.7982542  125.53017  137.53936  118.05660  145.01293        1
19     191.48400  185.45220  176.28363  9.1685720  4.9439003  170.43553  182.13173  162.87445  189.69281        1
20     196.06200  229.57904  226.68657  2.8924721  1.2599025  220.04368  233.32947  212.91218  240.46096        1
21     200.63700  275.33660  278.68771  -3.351115  -1.217097  271.63494  285.74049  264.71104  292.66439        1
22     205.21100  319.74387  327.54820  -7.804331  -2.440807  321.04427  334.05213  313.84028  341.25611        1
23     209.78300  362.52679  369.58773  -7.060934  -1.947700  362.46014  376.71531  355.57315  383.60230        1
24     214.35000  402.93327  404.14296  -1.209693  -0.300222  396.73172  411.55420  389.98202  418.30390        1
25     218.91800  437.67295  433.47945  4.1934970  0.9581348  426.72291  440.23599  419.64990  447.30901        1
26     223.48300  468.24868  460.47668  7.7719995  1.6598017  453.27084  467.68253  446.42215  474.53122        1
27     228.04300  490.36924  486.83741  3.5318296  0.7202388  479.56362  494.11121  472.74792  500.92691        1
28     232.60400  514.24491  512.38466  1.8602520  0.3617444  505.51319  519.25612  498.49859  526.27072        1
29     237.16200  532.46316  535.20588  -2.742718  -0.515100  527.92394  542.48781  521.11218  549.29957        1
30     241.71900  548.17926  552.78420  -4.604945  -0.840044  545.59952  559.96889  538.74051  566.82790        1
31     246.27100  557.15267  563.26664  -6.113967  -1.097359  556.43761  570.09567  549.40153  577.13176        1
32     250.82200  565.09271  566.27530  -1.182583  -0.209272  559.16565  573.38495  552.26984  580.28076        1
33     255.37000  565.47102  562.73093  2.7400951  0.4845686  555.78987  569.67198  548.81029  576.65156        1
34     259.91700  557.67387  554.24663  3.4272385  0.6145596  547.65073  560.84254  540.49484  567.99842        1
35     264.46200  545.68479  542.53730  3.1474956  0.5767974  535.74426  549.33034  528.68987  556.38472        1
36     269.00200  531.83505  529.05319  2.7818546  0.5230672  522.22777  535.87862  515.18985  542.91653        1
37     273.54300  516.51176  514.79464  1.7171191  0.3324453  508.33305  521.25622  501.10677  528.48251        1
38     278.08100  500.82376  500.41333  0.4104284  0.0819507  493.94787  506.87879  486.72363  514.10303        1
39     282.61500  484.27823  486.33128  -2.053055  -0.423941  479.71112  492.95144  472.56784  500.09472        1
40     287.14900  468.12038  472.88931  -4.768926  -1.018739  466.57809  479.20053  459.27178  486.50684        1
41     291.68100  453.06500  460.45365  -7.388651  -1.630815  454.40716  466.50014  446.95677  473.95053        1
42     296.20800  448.96093  449.39114  -0.430216  -0.095825  443.19483  455.58746  435.82648  462.95581        1
43     300.73500  442.62381  440.01255  2.6112564  0.5899494  433.81486  446.21025  426.44726  453.57785        1
44     305.25800  436.22333  432.58037  3.6429666  0.8351150  426.67562  438.48512  419.14639  446.01435        1
45     309.78100  431.29377  427.24872  4.0450538  0.9378883  421.41590  433.08154  413.84620  440.65124        1
46     314.30200  426.52059  424.06854  2.4520430  0.5748944  417.98962  430.14747  410.55710  437.57999        1
47     318.81800  424.16738  422.96155  1.2058322  0.2842821  416.82317  429.09993  409.42325  436.49985        1
48     323.33400  423.28288  423.72814  -0.445261  -0.105192  417.80362  429.65267  410.28546  437.17083        1
49     327.84600  424.62867  426.08517  -1.456502  -0.343006  420.12069  432.04965  412.62483  439.54552        1
50     332.35800  427.29926  429.73397  -2.434716  -0.569792  423.44287  436.02507  416.12575  443.34219        1
51     336.86700  432.44302  434.44391  -2.000885  -0.462693  428.15942  440.72839  420.83874  448.04907        1
52     341.37300  438.94091  440.14434  -1.203429  -0.274167  434.11337  446.17530  426.65440  453.63427        1
53     345.87800  446.22738  446.97004  -0.742663  -0.166432  440.80401  453.13608  433.41918  460.52090        1
54     350.37900  456.93980  455.21911  1.7206945  0.3765692  448.84751  461.59071  441.57348  468.86473        1
55     354.87900  466.96726  465.26422  1.7030419  0.3647026  459.10521  471.42323  451.71656  478.81189        1
56     359.37600  480.79685  477.38874  3.4081081  0.7088458  471.39911  483.37838  463.91724  490.86025        1
57     363.87200  492.55768  491.68010  0.8775812  0.1781682  485.53075  497.82944  478.13683  505.22337        1
58     368.36600  507.52550  507.95770  -0.432200  -0.085158  501.77027  514.14513  494.39709  521.51831        1
59     372.85600  524.06235  525.83134  -1.768997  -0.337555  519.78236  531.88032  512.33335  539.32934        1
60     377.34600  544.66756  544.91813  -0.250574  -0.046005  538.85559  550.98067  531.41405  558.42221        1
61     381.83200  563.04964  565.09611  -2.046467  -0.363461  558.87735  571.31487  551.52118  578.67104        1
62     386.31700  585.28607  586.95671  -1.670639  -0.285440  580.61400  593.29941  573.32455  600.58886        1
63     390.79800  613.05906  612.11615  0.9429048  0.1538033  605.71149  618.52082  598.45506  625.77725        1
64     395.27900  643.50159  643.47857  0.0230228  0.0035777  636.97939  649.97775  629.77291  657.18423        1
65     399.75600  690.30318  684.96469  5.3384976  0.7733555  678.18951  691.73986  671.12602  698.80336        1
66     404.23300  741.84765  740.93166  0.9159870  0.1234737  734.02986  747.83347  727.03056  754.83277        1
67     408.70500  813.38387  814.86119  -1.477320  -0.181626  807.96165  821.76074  800.96121  828.76118        1
68     413.17700  901.84618  908.40273  -6.556557  -0.727015  901.12513  915.68033  894.31127  922.49419        1
69     417.64500  1026.9831  1020.1330  6.8501269  0.6670146  1012.7417  1027.5242  1005.9825  1034.2835        1
70     422.11300  1146.8881  1145.2915  1.5966081  0.1392122  1137.7326  1152.8505  1131.0527  1159.5303        1
71     426.57700  1267.7898  1275.3671  -7.577235  -0.597673  1267.3079  1283.4262  1260.8565  1289.8776        1
72     431.04100  1399.6316  1400.1614  -0.529834  -0.037855  1392.2627  1408.0601  1385.7394  1414.5834        1
73     435.50000  1517.5114  1510.0191  7.4922577  0.4937200  1501.6863  1518.3519  1495.3548  1524.6834        1
74     439.95900  1597.3730  1595.9454  1.4276130  0.0893725  1587.8939  1603.9969  1581.4391  1610.4517        1
75     444.41500  1642.6457  1645.5472  -2.901517  -0.176637  1637.3091  1653.7853  1630.9365  1660.1579        1
76     448.87000  1637.0713  1642.9479  -5.876556  -0.358968  1634.7997  1651.0961  1628.3877  1657.5080        1
77     453.32000  1582.1386  1576.3313  5.8072544  0.3670509  1568.4484  1584.2143  1561.9179  1590.7447        1
78     457.77100  1442.6116  1449.5976  -6.986047  -0.484264  1441.6231  1457.5722  1435.1339  1464.0614        1
79     462.21700  1289.6178  1285.1547  4.4631551  0.3460835  1277.8119  1292.4974  1271.0295  1299.2799        1
80     466.66200  1124.4402  1112.5678  11.872403  1.0558501  1104.9999  1120.1358  1098.3243  1126.8114        1
81     471.10600  952.86954  957.38533  -4.515786  -0.473914  950.11674  964.65391  943.29852  971.47213        1
82     475.54600  817.95488  835.30732  -17.35244  -2.121442  828.19064  842.42400  821.29829  849.31635        1
83     479.98600  752.74902  750.47512  2.2739009  0.3020796  743.06541  757.88483  736.31498  764.63526        1
84     484.42100  707.54611  697.57417  9.9719444  1.4093702  690.50150  704.64683  683.58744  711.56089        1
85     488.85700  669.91281  665.63179  4.2810210  0.6390415  658.52498  672.73859  651.62777  679.63580        1
86     493.28800  643.91579  643.47582  0.4399649  0.0683265  636.33399  650.61765  629.45400  657.49765        1
87     497.71700  622.77717  623.42635  -0.649184  -0.104240  616.64773  630.20497  609.58599  637.26671        1
88     502.14600  596.79949  602.34766  -5.548176  -0.929655  595.62226  609.07306  588.53329  616.16203        1
89     506.57100  576.82944  580.40294  -3.573502  -0.619508  573.65265  587.15324  566.57644  594.22945        1
90     510.99600  559.91447  559.22090  0.6935757  0.1238717  552.68281  565.75898  545.49675  572.94505        1
91     515.41700  542.50229  540.59209  1.9101956  0.3521083  534.12971  547.05447  526.90385  554.28034        1
92     519.83500  528.68792  525.56516  3.1227573  0.5906618  518.91761  532.21271  511.78852  539.34180        1
93     524.25400  516.18667  514.16588  2.0207879  0.3914839  507.59930  520.73247  500.42813  527.90363        1
94     528.66800  506.20439  505.60911  0.5952809  0.1175970  499.21104  512.00718  491.95110  519.26711        1
95     533.08200  496.81278  498.75735  -1.944569  -0.391409  492.17718  505.33752  485.01310  512.50160        1
96     537.49200  491.30560  492.75548  -1.449878  -0.295107  486.18150  499.32945  479.01419  506.49676        1
97     541.90000  486.39719  487.40304  -1.005854  -0.206797  481.07984  493.72624  473.77995  501.02613        1
98     546.30800  484.23084  483.21524  1.0155996  0.2097346  476.84759  489.58290  469.57146  496.85903        1
99     550.71100  483.44394  481.15595  2.2879862  0.4732681  474.71092  487.60098  467.47588  494.83602        1
100    555.11300  484.17757  482.19774  1.9798325  0.4089063  475.91030  488.48517  468.59121  495.80426        1
101    559.51400  488.87616  486.93963  1.9365266  0.3961180  480.70778  493.17149  473.35870  500.52057        1
102    563.91100  494.33592  495.36335  -1.027428  -0.207840  488.98143  501.74526  481.71290  509.01379        1
103    568.30700  504.50546  506.84593  -2.340470  -0.463914  500.38025  513.31161  493.15612  520.53573        1
104    572.70200  518.02616  520.36974  -2.343575  -0.452405  513.92831  526.81116  506.69137  534.04811        1
105    577.09200  532.53688  534.90406  -2.367180  -0.444510  528.31173  541.49639  521.15398  548.65414        1
106    581.48100  550.23053  549.94153  0.2890085  0.0525250  543.05540  556.82765  536.04820  563.83485        1
107    585.87000  566.51386  565.93504  0.5788155  0.1021715  559.07844  572.79164  552.05633  579.81376        1
108    590.25400  588.40734  584.37258  4.0347662  0.6857097  577.48725  591.25790  570.47965  598.26550        1
109    594.63700  611.48583  607.04511  4.4407180  0.7262176  599.86260  614.22763  593.00253  621.08770        1
110    599.01900  636.76066  634.39320  2.3674622  0.3717978  627.33167  641.45473  620.41211  648.37429        1
111    603.39700  660.51308  663.97626  -3.463176  -0.524316  656.93523  671.01729  650.00551  677.94701        1
112    607.77300  681.39515  690.03538  -8.640225  -1.268020  682.60356  697.46720  675.86366  704.20710        1
113    612.14900  699.76389  704.41093  -4.647037  -0.664086  697.16918  711.65268  690.33795  718.48391        1
114    616.52100  706.68920  699.38002  7.3091862  1.0342858  692.10980  706.65024  685.29237  713.46767        1
115    620.89100  679.24710  672.15599  7.0911156  1.0439670  664.67354  679.63844  657.95765  686.35432        1
116    625.26100  628.78656  627.34149  1.4450708  0.2298190  620.37532  634.30766  613.40832  641.27466        1
117    629.62600  574.01718  574.47696  -0.459780  -0.080099  567.42020  581.53372  560.49827  588.45564        1
118    633.99000  515.82159  523.21596  -7.394365  -1.433512  516.10257  530.32935  509.20860  537.22332        1
119    638.35100  471.02042  480.43988  -9.419452  -1.999797  473.78904  487.09071  466.66166  494.21810        1
120    642.71200  454.35792  448.98126  5.3766596  1.1833533  442.15115  455.81136  435.11561  462.84690        1
121    647.07000  434.59236  427.91246  6.6799005  1.5370497  420.97945  434.84547  413.99584  441.82908        1
122    651.42500  417.72303  413.78874  3.9342923  0.9418423  407.34803  420.22945  400.11071  427.46677        1
123    655.77800  402.64850  402.64520  0.0032986  0.0008192  396.22279  409.06760  388.97578  416.31462        1
124    660.13000  389.77232  391.61865  -1.846329  -0.473694  385.11086  398.12644  377.90890  405.32839        1
125    664.47900  375.11712  379.48872  -4.371602  -1.165397  373.31745  385.65999  365.93548  393.04196        1
126    668.82600  364.04145  366.31428  -2.272821  -0.624330  360.42318  372.20537  352.88629  379.74226        1
127    673.17100  350.91255  352.83774  -1.925192  -0.548624  346.90780  358.76769  339.39267  366.28282        1
128    677.51500  340.67893  339.95634  0.7225919  0.2121035  333.99690  345.91578  326.49823  353.41445        1
129    681.85600  330.62923  328.36812  2.2611103  0.6838809  322.60308  334.13316  314.99496  341.74128        1
130    686.19400  321.75367  318.37083  3.3828432  1.0513767  312.84683  323.89482  305.09980  331.64186        1
131    690.53100  312.35605  309.85689  2.4991646  0.8001012  304.39199  315.32179  296.61034  323.10343        1
132    694.86500  303.08800  302.44453  0.6434722  0.2123054  296.91925  307.96981  289.17296  315.71610        1
133    699.19900  295.42259  295.62923  -0.206641  -0.069948  290.14184  301.11661  282.37339  308.88506        1
134    703.52900  287.26687  288.95484  -1.687972  -0.587597  283.67030  294.23938  275.78168  302.12800        1
135    707.85700  280.13861  282.08834  -1.949724  -0.695986  277.02788  287.14879  269.00346  295.17321        1
136    712.18300  272.73802  274.86751  -2.129493  -0.780783  269.88017  279.85484  261.81074  287.92428        1
137    716.50700  265.55126  267.28708  -1.735812  -0.653663  262.23475  272.33940  254.20534  280.36881        1
138    720.83100  258.70308  259.45832  -0.755241  -0.291933  254.36721  264.54944  246.36156  272.55509        1
139    725.15100  251.33557  251.57761  -0.242048  -0.096305  246.58545  256.56978  238.51900  264.63623        1
140    729.46800  244.96118  243.86203  1.0991446  0.4487016  239.06802  248.65604  230.87788  256.84619        1
141    733.78400  238.34262  236.52041  1.8222103  0.7645340  231.89312  241.14769  223.59688  249.44393        1
142    738.09700  231.96353  229.73611  2.2274222  0.9602467  225.15118  234.32104  216.82769  242.64453        1
143    742.40900  225.39361  223.63815  1.7554646  0.7788440  218.99680  228.27949  210.70958  236.56671        1
144    746.71800  219.02350  218.30741  0.7160923  0.3269477  213.60679  223.00803  205.35744  231.25737        1
145    751.02800  213.70137  213.76516  -0.063788  -0.029849  209.07430  218.45602  200.81873  226.71158        1
146    755.33300  208.67387  209.99894  -1.325073  -0.634997  205.39619  214.60169  197.08418  222.91370        1
147    759.63600  204.58691  206.95521  -2.368299  -1.157600  202.48304  211.42737  194.08641  219.82400        1
148    763.93800  201.15688  204.56918  -3.412298  -1.696336  200.22243  208.91593  191.74342  217.39494        1
149    768.23700  198.39645  202.78371  -4.387252  -2.211356  198.51859  207.04882  189.98539  215.58203        1
150    772.53400  198.18101  201.56792  -3.386911  -1.708999  197.31498  205.82086  188.77366  214.36219        1
151    776.82900  198.69970  200.94149  -2.241792  -1.128231  196.62155  205.26143  188.12480  213.75819        1
152    781.12400  201.49913  200.99294  0.5061834  0.2512088  196.54766  205.43823  188.13346  213.85243        1
153    785.41500  204.73749  201.89084  2.8466536  1.3903920  197.32235  206.45932  188.98825  214.79343        1
154    789.70400  207.75839  203.88284  3.8755543  1.8654141  199.27164  208.49403  190.96506  216.80061        1
155    793.99100  210.75697  207.27736  3.4796116  1.6510067  202.75173  211.80298  194.38988  220.16484        1
156    798.27600  218.91935  212.40307  6.5162802  2.9765666  208.05795  216.74820  199.57787  225.22828        1
157    802.55800  227.30444  219.54458  7.7598634  3.4138635  215.34395  223.74520  206.76760  232.32155        1
158    806.83900  236.20981  228.86986  7.3399547  3.1073877  224.62273  233.11699  216.07752  241.66220        1
159    811.11800  246.39437  240.33428  6.0600867  2.4595070  235.82628  244.84228  227.45298  253.21558        1
160    815.39500  258.08022  253.61006  4.4701634  1.7320829  248.78248  258.43764  240.61347  266.60665        1
161    819.66900  268.56628  268.03131  0.5349708  0.1991951  263.02144  273.04118  254.96591  281.09670        1
162    823.94200  279.50209  282.59802  -3.095934  -1.107661  277.63441  287.56164  269.55029  295.64575        1
163    828.21300  287.77755  295.99328  -8.215728  -2.854888  291.22614  300.76041  283.01902  308.96753        1
164    832.48100  296.09356  306.68601  -10.59245  -3.577400  302.04071  311.33131  293.75602  319.61600        1
165    836.75000  302.91008  313.10080  -10.19073  -3.364274  308.31638  317.88522  300.12018  326.08142        1
166    841.01400  305.77094  313.85080  -8.079864  -2.642456  308.76678  318.93482  300.75680  326.94481        1
167    845.27700  307.07910  308.10093  -1.021826  -0.332757  302.85749  313.34436  294.94420  321.25765        1
168    849.53700  302.02225  295.82338  6.1988696  2.0524546  290.72894  300.91782  282.72532  308.92144        1
169    853.79600  293.68090  277.81615  15.864742  5.4020342  273.05443  282.57788  264.84388  290.78842        1
170    858.05200  266.42674  255.48394  10.942793  4.1072430  250.94137  260.02651  242.59051  268.37738        1
171    862.30600  237.61507  230.47311  7.1419593  3.0056845  225.86988  235.07635  217.55818  243.38805        1
172    866.55900  203.81220  204.40428  -0.592079  -0.290502  199.59363  209.21494  191.41397  217.39459        1
173    870.80900  178.45282  178.71605  -0.263231  -0.147507  173.79877  183.63333  165.68588  191.74622        1
174    875.05800  148.54542  154.52054  -5.975119  -4.022419  149.73883  159.30225  141.54092  167.50016        1
175    879.30400  120.04470  132.60367  -12.55897  -10.46191  128.17739  137.02994  119.75074  145.45659        1
176    883.54800  103.95294  113.38499  -9.432053  -9.073387  109.37895  117.39103  100.67067  126.09932        1
177    887.79100  89.774429  96.978209  -7.203780  -8.024312  93.251769  100.70465  84.349190  109.60723        1
178    892.03100  77.236871  83.268803  -6.031931  -7.809653  79.567625  86.969981  70.647215  95.890391        1
179    896.26900  66.906543  71.971882  -5.065338  -7.570767  68.112415  75.831348  59.302973  84.640790        1
180    900.50500  58.588530  62.726162  -4.137632  -7.062187  58.686849  66.765475  50.001312  75.451012        1
181    904.74000  51.888100  55.151848  -3.263748  -6.289975  51.031413  59.272284  42.401015  67.902682        1
182    908.97200  46.315964  48.901645  -2.585681  -5.582699  44.840158  52.963133  36.169739  61.633552        1
183    913.20200  42.403390  43.674867  -1.271478  -2.998528  39.793382  47.556353  30.999233  56.350502        1
184    917.43100  38.645636  39.232502  -0.586866  -1.518584  35.600470  42.864535  26.631017  51.833987        1
185    921.65700  36.340419  35.396712  0.9437071  2.5968527  32.022657  38.770767  22.867146  47.926277        1
186    925.87900  33.873642  32.037358  1.8362846  5.4209836  28.878483  35.196232  19.564016  44.510700        1
187    930.10200  32.608270  29.058560  3.5497108  10.885922  26.043791  32.073328  16.620931  41.496188        1
188    934.32200  30.947666  26.399196  4.5484703  14.697297  23.455973  29.342419  13.978716  38.819676        1
189    938.54000  29.966080  24.013318  5.9527621  19.865001  21.088294  26.938343  11.597138  36.429499        1
190    942.75600  28.867585  21.868056  6.9995291  24.247020  18.934559  24.801552  9.4498768  34.286235        1
191    946.97100  28.691421  19.937783  8.7536381  30.509601  16.992747  22.882819  7.5168731  32.358693        1
192    951.18300  26.689316  18.202889  8.4864269  31.797094  15.259310  21.146469  5.7823246  30.623454        1
193    955.39300  24.712511  16.645211  8.0673000  32.644599  13.724594  19.565827  4.2300679  29.060353        1
194    959.60200  23.820239  15.248558  8.5716810  35.984866  12.375179  18.121936  2.8444427  27.652673        1
195    963.80800  22.421232  13.998977  8.4222551  37.563748  11.196037  16.801917  1.6109892  26.386965        1
196    968.01300  21.487888  12.882247  8.6056413  40.048799  10.169692  15.594802  0.5143968  25.250097        1
197    972.21500  20.554942  11.886158  8.6687840  42.173721  9.2794758  14.492841  -0.458904  24.231220        1
198    976.41300  19.774298  10.998926  8.7753714  44.377663  8.5087621  13.489091  -1.322059  23.319912        1
199    980.61200  18.907830  10.208456  8.6993742  46.009374  7.8408823  12.576030  -2.088339  22.505251        1
200    984.80800  17.855950  9.5053087  8.3506417  46.766717  7.2619602  11.748657  -2.768174  21.778791        1
201    989.00300  16.734040  8.8796943  7.8543457  46.936339  6.7585104  11.000878  -3.372048  21.131437        1
202    993.19500  15.356840  8.3232528  7.0335872  45.801006  6.3190417  10.327464  -3.908780  20.555286        1
203    997.38600  14.060725  7.8278289  6.2328965  44.328414  5.9331121  9.7225457  -4.386741  20.042399        1
204    1001.5700  12.626819  7.3869104  5.2399083  41.498246  5.5924626  9.1813582  -4.812508  19.586329        1
205    1005.7600  11.235198  6.9927383  4.2424595  37.760434  5.2887390  8.6967377  -5.193704  19.179181        1
206    1009.9400  9.8894430  6.6410493  3.2483937  32.847085  5.0170775  8.2650210  -5.534461  18.816560        1
207    1014.1300  8.8836759  6.3250499  2.5586259  28.801433  4.7713418  7.8787581  -5.841288  18.491388        1
208    1018.3100  7.8758930  6.0417163  1.8341767  23.288492  4.5488680  7.5345646  -6.116999  18.200432        1
209    1022.4900  6.7436727  5.7862467  0.9574260  14.197398  4.3460171  7.2264762  -6.366121  17.938614        1
210    1026.6600  5.6305728  5.5556344  0.0749384  1.3309196  4.1608223  6.9504464  -6.591434  17.702703        1
211    1030.8400  4.6796266  5.3456762  -0.666050  -14.23297  3.9904796  6.7008727  -6.796907  17.488259        1
