XY  *  X Value    Y Value    Y Predict  Residual   Residual%  90% Confidence Limits 90% Prediction Limits Weights
1      103.92400  4.6369777  0.2017144  4.4352633  95.649874  -0.101949  0.5053779  -4.490020  4.8934485        1
2      108.54600  29.834356  0.2137356  29.620620  99.283592  -0.106617  0.5340880  -4.479108  4.9065794        1
3      113.16500  9.0727341  0.2309058  8.8418283  97.454948  -0.108339  0.5701508  -4.463266  4.9250772        1
4      117.78200  1.6185774  0.2666467  1.3519308  83.525863  -0.107682  0.6409752  -4.430191  4.9634839        1
5      122.39400  -0.729756  0.3668445  -1.096600  150.26951  -0.166004  0.8996932  -4.345277  5.0789657        1
6      127.00700  0.0000000  0.6519830  -0.651983  0.0000000  -0.379150  1.6831160  -4.142117  5.4460828        1
7      131.61700  -1.201284  1.3469304  -2.548214  212.12427  -0.505669  3.1995300  -3.688175  6.3820355        1
8      136.22500  4.1497987  2.7056617  1.4441370  34.800170  0.1243555  5.2869679  -2.640673  8.0519969        1
9      140.82800  4.0700857  4.7518137  -0.681728  -16.74972  2.0167565  7.4868710  -0.670427  10.174055        1
10     145.43100  7.8059560  6.9935570  0.8123990  10.407424  4.3511806  9.6359334  1.6174701  12.369644        1
11     150.03200  8.3464227  8.4802856  -0.133863  -1.603835  5.5772670  11.383304  2.9714132  13.989158        1
12     154.63100  8.4383565  8.4180569  0.0202997  0.2405641  5.5812281  11.254886  2.9437756  13.892338        1
13     159.22500  6.3325880  6.8909325  -0.558345  -8.817004  4.2240558  9.5578092  1.5027613  12.279104        1
14     163.82000  4.5505724  4.8125716  -0.261999  -5.757500  1.9917042  7.6334390  -0.653455  10.278599        1
15     168.41100  3.6740969  3.2156676  0.4584293  12.477333  0.7248007  5.7065344  -2.087593  8.5189284        1
16     173.00100  3.6190991  2.7264217  0.8926774  24.665735  0.7720297  4.6808137  -2.347020  7.7998629        1
17     177.58600  3.4327424  3.5657096  -0.132967  -3.873499  1.3603023  5.7711170  -1.609614  8.7410337        1
18     182.17100  6.7309272  5.7742554  0.9566718  14.213076  3.1567617  8.3917491  0.4103546  11.138156        1
19     186.75400  9.5921257  9.2751595  0.3169662  3.3044417  6.7058123  11.844507  3.9345881  14.615731        1
20     191.33500  13.139808  13.723892  -0.584084  -4.445146  11.195709  16.252075  8.4030020  19.044782        1
21     195.91100  16.441342  18.371222  -1.929880  -11.73797  15.516006  21.226438  12.887390  23.855054        1
22     200.48700  23.862229  22.190565  1.6716640  7.0054813  19.322491  25.058639  16.700027  27.681103        1
23     205.06100  24.006663  24.278729  -0.272066  -1.133292  21.337056  27.220402  18.749389  29.808069        1
24     209.63100  25.496838  25.007842  0.4889965  1.9178710  21.248745  28.766939  19.003596  31.012088        1
25     214.20000  36.753453  36.859194  -0.105741  -0.287705  32.191422  41.526966  30.247973  43.470416        1
26     218.76700  52.203601  51.544290  0.6593103  1.2629594  46.865166  56.223415  44.925048  58.163532        1
27     223.33200  29.076277  29.804198  -0.727922  -2.503490  25.129214  34.479183  23.187882  36.420515        1
28     227.89200  27.957770  29.503528  -1.545758  -5.528901  25.197468  33.809588  23.142529  35.864527        1
29     232.45300  40.300484  38.797424  1.5030593  3.7296308  35.188406  42.406443  32.885980  44.708868        1
30     237.01100  50.625803  50.044424  0.5813794  1.1483854  46.765311  53.323537  44.328417  55.760432        1
31     241.56500  58.944820  59.779372  -0.834552  -1.415819  56.241576  63.317168  53.911139  65.647605        1
32     246.11800  65.189230  66.076963  -0.887733  -1.361779  62.980314  69.173613  60.463640  71.690286        1
33     250.67000  70.727024  69.690499  1.0365242  1.4655278  66.319829  73.061170  63.921481  75.459518        1
34     255.21700  72.376585  72.334063  0.0425219  0.0587508  69.402929  75.265197  66.810323  77.857803        1
35     259.76400  74.519411  74.686077  -0.166666  -0.223654  71.747073  77.625081  69.158156  80.213997        1
36     264.30900  76.749689  76.187493  0.5621955  0.7325052  73.196806  79.178181  70.631922  81.743065        1
37     268.84900  76.124700  76.068775  0.0559248  0.0734647  73.530263  78.607287  70.742970  81.394580        1
38     273.38900  73.588942  74.118194  -0.529252  -0.719201  71.399456  76.836932  68.704167  79.532221        1
39     277.92700  70.217598  70.704655  -0.487057  -0.693640  68.020150  73.389160  65.307737  76.101573        1
40     282.46100  66.246850  66.431166  -0.184316  -0.278225  63.932447  68.929884  61.124213  71.738119        1
41     286.99500  62.307292  61.795260  0.5120325  0.8217858  59.290646  64.299873  56.485528  67.104991        1
42     291.52400  57.141396  57.030134  0.1112626  0.1947145  54.470956  59.589312  51.694447  62.365820        1
43     296.05300  51.819654  52.076925  -0.257271  -0.496473  49.544205  54.609645  46.753878  57.399972        1
44     300.58000  47.141237  46.728737  0.4125002  0.8750305  44.311004  49.146470  41.459431  51.998043        1
45     305.10300  41.027307  40.827312  0.1999949  0.4874677  38.429772  43.224853  35.567240  46.087384        1
46     309.62500  34.481524  34.426371  0.0551524  0.1599476  31.964748  36.887995  29.136783  39.715960        1
47     314.14400  27.527010  27.832261  -0.305251  -1.108915  25.453462  30.211060  22.580705  33.083817        1
48     318.66200  21.199455  21.487087  -0.287632  -1.356789  19.277997  23.696177  16.310192  26.663982        1
49     323.17800  15.598773  15.833759  -0.234986  -1.506437  13.657141  18.010377  10.670637  20.996881        1
50     327.68900  10.730952  11.195014  -0.464062  -4.324521  8.9492828  13.440746  6.0023783  16.387650        1
51     332.20100  8.0098955  7.7069063  0.3029892  3.7826866  5.5112902  9.9025223  2.5357470  12.878066        1
52     336.70800  5.3963418  5.3520109  0.0443309  0.8214994  3.4087732  7.2952485  0.2828561  10.421166        1
53     341.21500  5.0263697  4.0060680  1.0203017  20.298978  2.3935061  5.6186299  -0.945751  8.9578873        1
54     345.72000  5.0518156  3.5367129  1.5151027  29.991251  2.0534318  5.0199939  -1.374527  8.4479531        1
55     350.22000  5.3689627  3.8842278  1.4847348  27.654035  2.1537249  5.6147307  -1.107245  8.8757004        1
56     354.72100  6.1792228  5.1455307  1.0336921  16.728513  3.0166586  7.2744028  0.0023552  10.288706        1
57     359.21700  2.8382885  7.6459575  -4.807669  -169.3862  5.3066958  9.9852193  2.4121918  12.879723        1
58     363.71300  10.518862  11.989667  -1.470806  -13.98255  9.7663537  14.212981  6.8066873  17.172647        1
59     368.20500  18.166625  18.987278  -0.820654  -4.517371  16.870842  21.103715  13.849238  24.125319        1
60     372.69700  30.521685  29.414247  1.1074380  3.6283644  26.975730  31.852764  24.135372  34.693122        1
61     377.18400  44.478533  43.526317  0.9522165  2.1408451  40.837825  46.214808  38.127415  48.925219        1
62     381.67100  61.476802  60.668271  0.8085307  1.3151802  58.146803  63.189738  55.350569  65.985973        1
63     386.15400  78.139317  79.158307  -1.018991  -1.304069  76.613511  81.703104  73.829504  84.487111        1
64     390.63700  96.240777  96.892640  -0.651863  -0.677325  94.107549  99.677730  91.444990  102.34029        1
65     395.11800  113.50177  112.28309  1.2186821  1.0737120  109.66346  114.90272  106.91814  117.64803        1
66     399.59500  124.20102  125.08029  -0.879279  -0.707948  122.56018  127.60041  119.76323  130.39736        1
67     404.07100  136.15073  136.18121  -0.030479  -0.022386  133.46536  138.89705  130.76863  141.59378        1
68     408.54300  147.07499  146.62654  0.4484533  0.3049147  144.07058  149.18249  141.29240  151.96068        1
69     413.01500  157.05908  156.77740  0.2816811  0.1793473  154.48924  159.06555  151.56627  161.98852        1
70     417.48300  166.16933  166.00958  0.1597581  0.0961418  163.56912  168.45003  160.72981  171.28935        1
71     421.95100  173.17314  173.07064  0.1024967  0.0591874  170.53838  175.60290  167.74782  178.39347        1
72     426.41400  176.08105  176.65110  -0.570054  -0.323745  174.33188  178.97032  171.42626  181.87594        1
73     430.87800  175.66324  175.94272  -0.279486  -0.159103  173.73851  178.14694  170.76791  181.11754        1
74     435.33700  170.18643  170.91481  -0.728385  -0.427992  168.53989  173.28974  165.66501  176.16462        1
75     439.79400  163.99221  162.36122  1.6309983  0.9945584  159.87094  164.85149  157.05823  167.66420        1
76     444.25100  150.52732  151.74659  -1.219266  -0.809996  149.36174  154.13144  146.49229  157.00089        1
77     448.70300  142.24437  140.92471  1.3196682  0.9277472  138.58819  143.26122  135.69217  146.15724        1
78     453.15600  131.76960  131.64779  0.1218156  0.0924459  129.11896  134.17662  126.32659  136.96898        1
79     457.60400  123.16578  125.09879  -1.933014  -1.569441  122.48184  127.71574  119.73515  130.46243        1
80     462.05200  121.35125  121.43427  -0.083016  -0.068410  118.92320  123.94534  116.12149  126.74705        1
81     466.49600  121.40454  119.74216  1.6623845  1.3692935  117.14741  122.33691  114.38932  125.09500        1
82     470.94000  119.10715  118.40699  0.7001594  0.5878399  115.68072  121.13326  112.98918  123.82480        1
83     475.38000  115.00958  115.86888  -0.859304  -0.747159  113.25777  118.47999  110.50809  121.22967        1
84     479.82000  110.37733  111.40021  -1.022883  -0.926715  108.77457  114.02585  106.03233  116.76809        1
85     484.25500  105.36604  105.36191  0.0041249  0.0039148  102.63927  108.08455  99.945925  110.77790        1
86     488.68800  99.066331  98.672562  0.3937693  0.3974805  96.070989  101.27413  93.316412  104.02871        1
87     493.12100  93.371958  92.069567  1.3023908  1.3948415  89.514986  94.624149  86.736084  97.403051        1
88     497.55000  86.001429  85.668460  0.3329690  0.3871668  83.013488  88.323432  80.286171  91.050749        1
89     501.97900  78.097239  78.979401  -0.882161  -1.129568  76.419634  81.539168  73.643432  84.315370        1
90     506.40400  70.532897  71.362275  -0.829379  -1.175875  68.928239  73.796312  66.085468  76.639082        1
91     510.82600  61.514275  62.492352  -0.978078  -1.590001  59.992751  64.991953  57.184983  67.799721        1
92     515.24900  52.380868  52.576074  -0.195206  -0.372666  50.077329  55.074819  47.269108  57.883040        1
93     519.66700  42.899433  42.289048  0.6103852  1.4228281  39.953503  44.624593  37.056943  47.521154        1
94     524.08500  34.249338  32.471108  1.7782296  5.1920117  30.208901  34.733315  27.271326  37.670891        1
95     528.49900  24.935082  23.898048  1.0370343  4.1589368  21.549511  26.246585  18.660130  29.135966        1
96     532.91100  18.006410  17.067495  0.9389159  5.2143421  14.727824  19.407165  11.833546  22.301443        1
97     537.32300  12.201456  12.168997  0.0324593  0.2660284  10.022153  14.315841  7.0183562  17.319637        1
98     541.73000  7.9660238  9.1524809  -1.186457  -14.89397  7.1562208  11.148741  4.0627645  14.242197        1
99     546.13600  5.2330517  7.8307509  -2.597699  -49.64023  5.7503779  9.9111239  2.7074600  12.954042        1
100    550.54100  2.4790392  8.0077786  -5.528739  -223.0194  5.7797907  10.235767  2.8227918  13.192765        1
101    554.94300  5.1388672  9.5477491  -4.408882  -85.79482  7.3309758  11.764522  4.3675713  14.727927        1
102    559.34400  11.431158  12.403594  -0.972436  -8.506889  10.332416  14.474773  7.2840302  17.523159        1
103    563.74100  18.430433  16.598863  1.8315703  9.9377495  14.587517  18.610209  11.503211  21.694515        1
104    568.13500  25.144264  22.193429  2.9508344  11.735617  20.054951  24.331907  17.046270  27.340588        1
105    572.53000  32.174564  29.240185  2.9343786  9.1201815  26.972076  31.508294  24.037832  34.442538        1
106    576.92100  38.087740  37.721883  0.3658570  0.9605638  35.487822  39.955944  32.534284  42.909482        1
107    581.30900  47.576669  47.543831  0.0328374  0.0690201  45.428182  49.659480  42.406115  52.681547        1
108    585.69800  58.085868  58.525044  -0.439176  -0.756081  56.394205  60.655883  53.381054  63.669034        1
109    590.08200  69.523759  70.373348  -0.849589  -1.222012  68.099135  72.647561  65.168331  75.578365        1
110    594.46400  81.682040  82.757965  -1.075925  -1.317211  80.440704  85.075226  77.533996  87.981935        1
111    598.84400  94.338386  95.316381  -0.977995  -1.036689  93.111604  97.521158  90.141326  100.49144        1
112    603.22400  107.58982  107.70265  -0.112829  -0.104870  105.55995  109.84535  102.55374  112.85157        1
113    607.60000  119.82545  119.58329  0.2421619  0.2020955  117.34800  121.81858  114.39516  124.77142        1
114    611.97400  131.55230  130.66588  0.8864202  0.6738159  128.36099  132.97076  125.44738  135.88437        1
115    616.34700  142.16413  140.66066  1.5034693  1.0575588  138.42898  142.89235  135.47409  145.84724        1
116    620.71700  148.90065  149.26473  -0.364079  -0.244511  147.13844  151.39103  144.12262  154.40684        1
117    625.08400  155.72650  156.17631  -0.449809  -0.288845  154.02529  158.32733  151.02393  161.32869        1
118    629.45100  161.31435  161.11133  0.2030203  0.1258538  158.86376  163.35890  155.91790  166.30476        1
119    633.81500  164.29608  163.82663  0.4694487  0.2857334  161.57996  166.07331  158.63359  169.01968        1
120    638.17600  164.06169  164.17536  -0.113671  -0.069285  162.03387  166.31685  159.02694  169.32377        1
121    642.53500  160.97725  162.13542  -1.158176  -0.719466  160.04995  164.22090  157.01006  167.26079        1
122    646.89400  156.78170  157.82099  -1.039283  -0.662886  155.67098  159.97099  152.66903  162.97294        1
123    651.24900  151.53249  151.47982  0.0526669  0.0347562  149.26270  153.69694  146.29950  156.66014        1
124    655.60100  143.78531  143.44865  0.3366673  0.2341458  141.26793  145.62937  138.28379  148.61350        1
125    659.95200  134.66555  134.10689  0.5586541  0.4148456  132.02224  136.19155  128.98186  139.23193        1
126    664.30300  124.29571  123.83715  0.4585636  0.3689295  121.78067  125.89362  118.72351  128.95078        1
127    668.64900  113.27974  113.00494  0.2747956  0.2425814  110.87756  115.13232  107.86239  118.14750        1
128    672.99300  102.12049  101.90359  0.2169009  0.2123971  99.718121  104.08906  96.736731  107.07045        1
129    677.33600  91.116365  90.772662  0.3437027  0.3772129  88.633412  92.911913  85.625182  95.920142        1
130    681.67600  79.681410  79.811298  -0.129888  -0.163009  77.774203  81.848393  74.705428  84.917169        1
131    686.01600  68.948908  69.177136  -0.228227  -0.331009  67.171879  71.182392  64.083884  74.270387        1
132    690.35200  58.116074  59.034210  -0.918136  -1.579831  56.972542  61.095878  53.918486  64.149934        1
133    694.68600  48.495925  49.527690  -1.031765  -2.127529  47.430086  51.625294  44.397378  54.658002        1
134    699.01800  40.726578  40.797672  -0.071094  -0.174564  38.755245  42.840099  35.689672  45.905672        1
135    703.35000  33.117827  32.958401  0.1594263  0.4813912  31.027549  34.889252  27.893981  38.022820        1
136    707.67800  26.716422  26.100199  0.6162227  2.3065316  24.248778  27.951620  21.065528  31.134871        1
137    712.00400  21.614528  20.259221  1.3553071  6.2703523  18.407391  22.111052  15.224399  25.294044        1
138    716.32700  16.536363  15.430378  1.1059850  6.6881999  13.537883  17.322873  10.380457  20.480298        1
139    720.64900  12.164958  11.562785  0.6021733  4.9500647  9.6636785  13.461890  6.5103830  16.615186        1
140    724.96800  8.5279343  8.5771105  -0.049176  -0.576649  6.7490296  10.405191  3.5509751  13.603246        1
141    729.28800  5.6496909  6.3728400  -0.723149  -12.79980  4.6897273  8.0559526  1.3975987  11.348081        1
142    733.60300  3.5218920  4.8561352  -1.334243  -37.88427  3.3531924  6.3590780  -0.061079  9.7733494        1
143    737.91600  2.0415170  3.9489574  -1.907440  -93.43250  2.6069897  5.2909252  -0.921467  8.8193820        1
144    742.22800  3.1694910  3.6130983  -0.443607  -13.99617  2.3608421  4.8653546  -1.233375  8.4595716        1
145    746.53700  2.9628910  3.8618456  -0.898955  -30.34046  2.5975258  5.1261654  -0.987759  8.7114500        1
146    750.84400  3.1271219  4.7658566  -1.638735  -52.40393  3.3921711  6.1395420  -0.113403  9.6451157        1
147    755.15100  5.0736006  6.4509193  -1.377319  -27.14677  4.9049778  7.9968608  1.5203927  11.381446        1
148    759.45400  8.9775064  9.0777487  -0.100242  -1.116595  7.3468207  10.808677  4.0861288  14.069369        1
149    763.75500  13.188482  12.815666  0.3728164  2.8268332  10.938576  14.692756  7.7714987  17.859833        1
150    768.05400  18.993275  17.796794  1.1964812  6.2994990  15.847902  19.745686  12.725469  22.868119        1
151    772.35100  25.580520  24.068536  1.5119847  5.9106880  22.119499  26.017572  18.997155  29.139916        1
152    776.64600  32.788948  31.553079  1.2358691  3.7691637  29.623915  33.482243  26.489303  36.616856        1
153    780.93800  40.890496  40.028058  0.8624381  2.1091407  38.070230  41.985885  34.953292  45.102823        1
154    785.22900  48.703613  49.154065  -0.450453  -0.924885  47.106840  51.201290  44.044145  54.263986        1
155    789.51800  57.427592  58.523238  -1.095646  -1.907875  56.390522  60.655955  53.378471  63.668006        1
156    793.80700  65.937505  67.764094  -1.826589  -2.770182  65.614148  69.914039  62.612160  72.916028        1
157    798.09100  75.511655  76.623930  -1.112275  -1.472984  74.509698  78.738161  71.486797  81.761062        1
158    802.37400  84.203595  85.086560  -0.882965  -1.048608  82.974349  87.198772  79.950259  90.222862        1
159    806.65400  94.339110  93.365333  0.9737774  1.0322097  91.184458  95.546207  88.200415  98.530250        1
160    810.93300  103.89720  101.84813  2.0490696  1.9722087  99.609378  104.08688  96.658508  107.03775        1
161    815.20900  112.57093  110.89668  1.6742573  1.4872909  108.68144  113.11191  105.71715  116.07620        1
162    819.48400  121.64464  120.62590  1.0187388  0.8374712  118.46415  122.78766  115.46903  125.78278        1
163    823.75600  130.59781  130.69420  -0.096391  -0.073807  128.52147  132.86693  125.53272  135.85568        1
164    828.02600  138.96125  140.24939  -1.288147  -0.926983  138.01579  142.48299  135.06199  145.43679        1
165    832.29500  146.29097  148.01115  -1.720181  -1.175863  145.76054  150.26175  142.81640  153.20589        1
166    836.56100  150.31854  152.51043  -2.191894  -1.458166  150.30901  154.71185  147.33680  157.68405        1
167    840.82500  151.23596  152.45818  -1.222222  -0.808156  150.30002  154.61634  147.30282  157.61355        1
168    845.08700  148.97737  147.11940  1.8579688  1.2471483  144.95117  149.28764  141.95981  152.27900        1
169    849.34800  138.11781  136.56987  1.5479359  1.1207360  134.38091  138.75883  131.40154  141.73820        1
170    853.60600  125.77695  121.70844  4.0685048  3.2346984  119.54697  123.86991  116.55169  126.86520        1
171    857.86200  102.89977  104.00479  -1.105018  -1.073878  101.92201  106.08756  98.880520  109.12906        1
172    862.11600  84.086267  85.167639  -1.081372  -1.286027  83.161107  87.174172  80.073885  90.261394        1
173    866.36800  65.649973  66.815164  -1.165191  -1.774854  64.834379  68.795950  61.731497  71.898831        1
174    870.61900  48.924223  50.221931  -1.297708  -2.652485  48.236063  52.207799  45.136282  55.307581        1
175    874.86700  34.588667  36.198930  -1.610263  -4.655464  34.240091  38.157769  31.123774  41.274086        1
176    879.11300  24.465894  25.056018  -0.590124  -2.412029  23.195971  26.916065  20.018168  30.093868        1
177    883.35700  17.109785  16.701292  0.4084934  2.3874839  15.003301  18.399283  11.720997  21.681586        1
178    887.59900  11.754424  10.772521  0.9819026  8.3534727  9.2601600  12.284883  5.8524203  15.692623        1
179    891.83900  8.1800584  6.7793331  1.4007253  17.123659  5.4346885  8.1239777  1.9081703  11.650496        1
180    896.07700  5.7480553  4.2187736  1.5292818  26.605202  3.0027851  5.4347620  -0.618456  9.0560027        1
181    900.31300  4.0198548  2.6493240  1.3705308  34.094038  1.5260971  3.7725508  -2.165424  7.4640718        1
182    904.54700  2.9199300  1.7242961  1.1956339  40.947349  0.6729754  2.7756168  -3.074186  6.5227785        1
183    908.77900  2.2517557  1.1949068  1.0568488  46.934437  0.2076546  2.1821591  -3.589947  5.9797605        1
184    913.00900  2.7237853  0.8959621  1.8278232  67.105994  -0.029025  1.8209488  -3.876433  5.6683576        1
185    917.23700  2.6934364  0.7251245  1.9683119  73.078090  -0.138576  1.5888250  -4.035772  5.4860211        1
186    921.46300  2.6176893  0.6228740  1.9948153  76.205198  -0.181800  1.4275478  -4.127669  5.3734169        1
187    925.68700  2.6519791  0.5565234  2.0954556  79.014788  -0.192794  1.3058404  -4.184957  5.2980036        1
188    929.90900  1.7108786  0.5090094  1.2018692  70.248654  -0.189443  1.2074618  -4.224699  5.2427176        1
189    934.12900  1.0388854  0.4717823  0.5671031  54.587650  -0.180510  1.1240742  -4.255336  5.1989001        1
190    938.34700  0.2653689  0.4406634  -0.175294  -66.05692  -0.169981  1.0513078  -4.280888  5.1622144        1
191    942.56400  -0.196503  0.4135979  -0.610101  310.47945  -0.159515  0.9867106  -4.303246  5.1304417        1
192    946.77800  -0.099041  0.3895464  -0.488587  493.31993  -0.149718  0.9288110  -4.323305  5.1023974        1
193    950.99000  -0.068970  0.3679068  -0.436877  633.42673  -0.140745  0.8765588  -4.341540  5.0773531        1
194    955.20000  0.1887291  0.3482956  -0.159566  -84.54785  -0.132583  0.8291738  -4.358232  5.0548231        1
195    959.40800  -0.029321  0.3304344  -0.359756  1226.9435  -0.125162  0.7860307  -4.373577  5.0344461        1
196    963.61200  0.1900245  0.3141115  -0.124087  -65.30051  -0.118406  0.7466292  -4.387721  5.0159441        1
197    967.81600  -0.099292  0.2991301  -0.398422  401.26283  -0.112234  0.7104943  -4.400804  4.9990640        1
198    972.01800  -0.065203  0.2853452  -0.350548  537.62894  -0.106582  0.6772722  -4.412927  4.9836177        1
199    976.21900  -0.051676  0.2726226  -0.324298  627.56315  -0.101390  0.6466351  -4.424189  4.9694346        1
200    980.41700  -0.021113  0.2608551  -0.281968  1335.5045  -0.096611  0.6183208  -4.434668  4.9563785        1
201    984.61300  0.0090702  0.2499415  -0.240871  -2655.632  -0.092199  0.5920814  -4.444440  4.9443230        1
202    988.80700  0.0301983  0.2397959  -0.209598  -694.0719  -0.088116  0.5677077  -4.453570  4.9331619        1
203    993.00000  0.0104842  0.2303416  -0.219857  -2097.035  -0.084328  0.5450115  -4.462118  4.9228010        1
204    997.19000  0.0588864  0.2215171  -0.162631  -276.1769  -0.080809  0.5238431  -4.470131  4.9131649        1
205    1001.3800  -0.023728  0.2132585  -0.236987  998.74582  -0.077529  0.5040463  -4.477660  4.9041769        1
