XY  *  X Value    Y Value    Y Predict  Residual   Residual%  90% Confidence Limits 90% Prediction Limits Weights
1      100.40500  70.970613  77.624413  -6.653800  -9.375430  62.777416  92.471411  53.382117  101.86671        1
2      105.02700  122.00828  109.82061  12.187670  9.9892159  98.005323  121.63589  87.307132  132.33408        1
3      109.64400  143.19051  141.33801  1.8525056  1.2937349  129.39309  153.28292  118.75623  163.91978        1
4      114.26200  153.79563  160.95533  -7.159695  -4.655330  147.73224  174.17842  137.67217  184.23849        1
5      118.87700  156.31859  159.72317  -3.404577  -2.177973  147.60360  171.84274  137.04852  182.39782        1
6      123.49000  146.48101  144.03659  2.4444191  1.6687618  129.84631  158.22687  120.19084  167.88233        1
7      128.09800  150.52926  140.73125  9.7980119  6.5090413  127.65519  153.80731  117.53127  163.93123        1
8      132.70600  177.20018  176.19628  1.0038988  0.5665338  160.22128  192.17127  151.24721  201.14534        1
9      137.31200  206.69141  213.44690  -6.755493  -3.268395  197.10617  229.78763  188.26208  238.63172        1
10     141.91600  174.18324  167.89657  6.2866659  3.6092255  152.84575  182.94740  143.52891  192.26423        1
11     146.51800  102.79595  88.979130  13.816816  13.441012  74.445934  103.51233  64.927740  113.03052        1
12     151.11500  21.019023  45.911035  -24.89201  -118.4261  36.653196  55.168873  24.628104  67.193966        1
13     155.71200  -5.244927  33.545695  -38.79062  739.58370  25.439071  41.652319  12.737694  54.353697        1
14     160.30600  -11.70341  31.557950  -43.26136  369.64742  23.542520  39.573380  10.785307  52.330593        1
15     164.89900  -7.145670  32.449928  -39.59560  554.12019  25.002176  39.897681  11.889661  53.010196        1
16     169.48700  3.4746287  35.198678  -31.72405  -913.0198  28.374287  42.023069  14.855918  55.541438        1
17     174.07500  20.097923  40.237056  -20.13913  -100.2051  33.531038  46.943074  19.933700  60.540412        1
18     178.66000  42.892787  48.422463  -5.529676  -12.89185  40.809769  56.035157  27.801874  69.043052        1
19     183.24400  68.929917  60.760798  8.1691190  11.851340  51.768395  69.753201  39.591980  81.929617        1
20     187.82300  92.406754  78.047721  14.359033  15.538943  68.335161  87.760282  56.563090  99.532353        1
21     192.40200  109.62958  100.51400  9.1155826  8.3148935  91.078455  109.94954  79.153167  121.87482        1
22     196.97800  134.07505  127.40877  6.6662738  4.9720466  118.02756  136.78998  106.07189  148.74566        1
23     201.55100  157.45343  156.84740  0.6060305  0.3848951  146.31695  167.37786  134.98085  178.71396        1
24     206.12300  182.25735  185.92834  -3.670984  -2.014176  174.90171  196.95496  163.81857  208.03811        1
25     210.69300  204.51587  211.63721  -7.121346  -3.482051  201.33207  221.94236  189.87827  233.39616        1
26     215.25800  228.78576  232.89371  -4.107951  -1.795545  222.00765  243.77977  210.85370  254.93372        1
27     219.82300  250.75308  251.60400  -0.850924  -0.339347  240.50228  262.70573  229.45668  273.75132        1
28     224.38700  275.05688  270.87993  4.1769489  1.5185764  260.66834  281.09153  249.16514  292.59473        1
29     228.94700  300.41399  292.93969  7.4743050  2.4880016  282.69598  303.18339  271.20977  314.66960        1
30     233.50400  324.62581  318.29696  6.3288489  1.9495828  307.52280  329.07112  296.31201  340.28192        1
31     238.06000  347.93485  345.74980  2.1850493  0.6280053  335.29156  356.20803  323.91793  367.58166        1
32     242.61500  370.08131  372.78215  -2.700847  -0.729798  362.53687  383.02744  351.05150  394.51281        1
33     247.16400  389.97988  396.39311  -6.413227  -1.644502  385.54746  407.23875  374.37303  418.41318        1
34     251.71400  407.83857  414.40329  -6.564724  -1.609638  403.59538  425.21120  392.40178  436.40480        1
35     256.26200  423.66427  426.46622  -2.801948  -0.661361  416.00760  436.92485  404.63417  448.29827        1
36     260.80500  437.61396  434.38117  3.2327937  0.7387318  423.67139  445.09094  412.42769  456.33464        1
37     265.34800  447.45331  441.11835  6.3349673  1.4157829  430.32987  451.90682  419.12638  463.11032        1
38     269.88800  456.85930  449.25286  7.6064441  1.6649424  438.62023  459.88549  427.33692  471.16880        1
39     274.42500  465.26217  459.75824  5.5039309  1.1829741  449.12689  470.38960  437.84292  481.67356        1
40     278.96100  467.92428  471.41632  -3.492035  -0.746282  460.29615  482.53648  449.25975  493.57289        1
41     283.49300  466.33267  480.79917  -14.46649  -3.102183  469.14461  492.45372  458.36963  503.22871        1
42     288.02500  479.31179  483.23227  -3.920479  -0.817939  471.95274  494.51180  460.99529  505.46925        1
43     292.55500  480.88973  476.12637  4.7633684  0.9905324  463.01850  489.23424  452.90845  499.34429        1
44     297.08000  475.17362  465.46711  9.7065076  2.0427286  452.72857  478.20565  442.45568  488.47854        1
45     301.60500  467.67885  465.75267  1.9261792  0.4118594  451.07085  480.43449  441.61118  489.89415        1
46     306.12800  472.97356  476.65413  -3.680574  -0.778178  461.99648  491.31178  452.52734  500.78093        1
47     310.64700  450.33593  458.79566  -8.459723  -1.878536  442.50242  475.08889  433.64163  483.94968        1
48     315.16600  415.78025  391.11729  24.662963  5.9317303  376.07198  406.16260  366.75303  415.48154        1
49     319.68000  299.51167  324.24333  -24.73166  -8.257327  310.85886  337.62780  300.86814  347.61852        1
50     324.19400  285.87544  290.16893  -4.293492  -1.501875  277.00614  303.33172  266.91996  313.41790        1
51     328.70400  284.56775  284.19734  0.3704160  0.1301679  271.92729  296.46739  261.44191  306.95277        1
52     333.21400  304.11280  293.35126  10.761547  3.5386696  282.11830  304.58421  271.13786  315.56465        1
53     337.72200  317.41879  309.82728  7.5915128  2.3916394  298.18935  321.46521  287.40637  332.24818        1
54     342.22500  328.48300  329.20232  -0.719318  -0.218982  318.30247  340.10217  307.15550  351.24914        1
55     346.72800  344.71052  348.41385  -3.703335  -1.074332  337.29658  359.53112  326.25874  370.56897        1
56     351.22700  360.69766  365.73442  -5.036754  -1.396392  354.83010  376.63873  343.68539  387.78345        1
57     355.72600  378.28848  381.20760  -2.919114  -0.771663  370.75829  391.65691  359.38001  403.03519        1
58     360.22000  394.61840  396.28864  -1.670246  -0.423256  385.60738  406.96990  374.34907  418.22822        1
59     364.71500  415.98331  413.05323  2.9300820  0.7043749  402.49374  423.61271  391.17268  434.93377        1
60     369.20700  435.75961  433.30502  2.4545856  0.5632889  423.28468  443.32536  411.67951  454.93053        1
61     373.69500  462.50656  458.19253  4.3140356  0.9327512  447.87938  468.50567  436.42980  479.95526        1
62     378.18300  488.95811  488.16815  0.7899590  0.1615596  477.23225  499.10406  466.10348  510.23282        1
63     382.66600  523.67980  523.02729  0.6525173  0.1246023  512.66806  533.38652  501.24268  544.81190        1
64     387.15000  559.18736  562.25979  -3.072429  -0.549445  551.59036  572.92923  540.32597  584.19361        1
65     391.62900  601.62546  605.15096  -3.525491  -0.585994  593.21959  617.08232  582.57635  627.72557        1
66     396.10800  649.62887  651.36180  -1.732935  -0.266758  640.33121  662.39239  629.25005  673.47355        1
67     400.58300  700.90412  701.13133  -0.227212  -0.032417  689.22932  713.03335  678.57222  723.69045        1
68     405.05700  760.02412  755.44434  4.5797858  0.6025843  742.81097  768.07771  732.49096  778.39772        1
69     409.52800  818.65726  815.11846  3.5388023  0.4322691  803.23895  826.99796  792.57121  837.66570        1
70     413.99800  879.34549  879.43653  -0.091044  -0.010354  865.93824  892.93482  855.99598  902.87708        1
71     418.46400  940.06634  944.63317  -4.566831  -0.485799  931.80430  957.46204  921.57161  967.69473        1
72     422.93000  1000.5635  1004.4316  -3.868135  -0.386596  990.40925  1018.4540  980.68542  1028.1779        1
73     427.39200  1055.4437  1053.4243  2.0194264  0.1913344  1040.0798  1066.7687  1030.0719  1076.7766        1
74     431.85400  1098.0905  1090.6189  7.4716064  0.6804181  1076.5711  1104.6667  1066.8576  1114.3801        1
75     436.31100  1112.6698  1116.7401  -4.070283  -0.365812  1103.5212  1129.9589  1093.4593  1140.0208        1
76     440.76900  1133.8669  1129.5068  4.3601824  0.3845409  1115.6429  1143.3706  1105.8538  1153.1597        1
77     445.22200  1114.3369  1124.1729  -9.835989  -0.882676  1111.3226  1137.0232  1101.0995  1147.2464        1
78     449.67500  1097.6743  1100.6381  -2.963892  -0.270016  1087.4298  1113.8465  1077.3634  1123.9129        1
79     454.12400  1075.8656  1067.8513  8.0143600  0.7449220  1055.6640  1080.0385  1045.1404  1090.5622        1
80     458.57200  1047.3738  1038.7572  8.6165955  0.8226858  1026.7129  1050.8015  1016.1227  1061.3917        1
81     463.01700  1021.3772  1023.0023  -1.625025  -0.159101  1010.9801  1035.0244  1000.3795  1045.6250        1
82     467.45900  1014.6061  1023.7802  -9.174096  -0.904203  1012.5671  1034.9933  1001.5769  1045.9836        1
83     471.90200  1031.2939  1037.9321  -6.638148  -0.643672  1026.0998  1049.7643  1015.4097  1060.4545        1
84     476.34000  1051.5158  1057.4445  -5.928668  -0.563821  1046.0081  1068.8809  1035.1275  1079.7615        1
85     480.77700  1090.3053  1072.5010  17.804264  1.6329613  1061.4708  1083.5312  1050.3895  1094.6126        1
86     485.21100  1089.1309  1075.3856  13.745293  1.2620423  1063.9892  1086.7821  1053.0891  1097.6821        1
87     489.64500  1053.2052  1063.3602  -10.15500  -0.964199  1052.6119  1074.1085  1041.3879  1085.3325        1
88     494.07400  1031.1743  1038.6263  -7.451993  -0.722671  1028.2847  1048.9678  1016.8501  1060.4025        1
89     498.50200  998.26158  1006.0536  -7.792025  -0.780559  995.56514  1016.5421  984.20724  1027.9000        1
90     502.92900  968.61720  970.95978  -2.342580  -0.241848  960.74427  981.17529  949.24314  992.67641        1
91     507.35200  940.50895  937.81325  2.6957015  0.2866216  928.00629  947.62021  916.28578  959.34072        1
92     511.77500  917.56010  909.60885  7.9512565  0.8665652  899.68080  919.53689  888.02594  931.19175        1
93     516.19300  893.80694  887.87075  5.9361898  0.6641467  877.72624  898.01526  866.18743  909.55408        1
94     520.61000  875.96271  872.74277  3.2199424  0.3675890  862.87067  882.61487  851.18555  894.30000        1
95     525.02700  861.41831  863.53337  -2.115060  -0.245532  853.86556  873.20117  842.06893  884.99780        1
96     529.43900  855.44007  859.31820  -3.878126  -0.453349  849.33921  869.29719  837.71182  880.92459        1
97     533.85100  853.88195  859.51766  -5.635709  -0.660010  849.48932  869.54600  837.88844  881.14688        1
98     538.25900  860.69107  864.28839  -3.597317  -0.417957  854.68465  873.89213  842.85273  885.72405        1
99     542.66500  874.75909  874.53926  0.2198235  0.0251296  865.00635  884.07218  853.13525  895.94328        1
100    547.07100  894.11762  891.65380  2.4638229  0.2755591  881.81799  901.48961  870.11317  913.19443        1
101    551.47300  919.58386  917.01090  2.5729507  0.2797951  907.24974  926.77207  895.50426  938.51755        1
102    555.87200  955.31868  951.61255  3.7061333  0.3879473  942.20396  961.02114  930.26361  972.96149        1
103    560.27200  997.72516  995.88610  1.8390628  0.1843256  986.35805  1005.4141  974.48425  1017.2879        1
104    564.66700  1050.2591  1049.5678  0.6912156  0.0658138  1039.5405  1059.5952  1027.9391  1071.1966        1
105    569.06000  1108.4527  1112.1364  -3.683692  -0.332327  1102.0644  1122.2085  1090.4869  1133.7859        1
106    573.45300  1179.1977  1183.1024  -3.904754  -0.331136  1173.2440  1192.9608  1161.5515  1204.6534        1
107    577.84200  1260.4612  1262.2847  -1.823480  -0.144668  1251.7733  1272.7961  1240.4273  1284.1421        1
108    582.22900  1350.0249  1350.3667  -0.341802  -0.025318  1339.2753  1361.4582  1328.2246  1372.5089        1
109    586.61600  1454.8803  1449.1066  5.7737126  0.3968514  1438.4500  1459.7632  1427.1791  1471.0342        1
110    590.99900  1561.8248  1560.9531  0.8717173  0.0558140  1549.8029  1572.1032  1538.7814  1583.1247        1
111    595.37900  1690.0991  1687.7527  2.3463465  0.1388289  1676.0223  1699.4831  1665.2837  1710.2218        1
112    599.76000  1825.9361  1827.8529  -1.916831  -0.104978  1816.6745  1839.0313  1805.6671  1850.0388        1
113    604.13600  1965.3019  1972.6294  -7.327506  -0.372844  1960.8405  1984.4183  1950.1298  1995.1291        1
114    608.51000  2103.2487  2105.4927  -2.244066  -0.106695  2093.3127  2117.6728  2082.7857  2128.1998        1
115    612.88400  2223.9179  2203.0658  20.852101  0.9376291  2191.2086  2214.9229  2180.5303  2225.6012        1
116    617.25400  2221.0269  2243.0730  -22.04608  -0.992608  2230.5010  2255.6450  2220.1533  2265.9927        1
117    621.62200  2223.3173  2219.2006  4.1166862  0.1851596  2207.1556  2231.2456  2196.5658  2241.8355        1
118    625.98800  2160.6992  2148.9701  11.729043  0.5428355  2136.8900  2161.0502  2126.3166  2171.6237        1
119    630.35400  2056.4939  2063.5221  -7.028132  -0.341753  2051.5296  2075.5146  2040.9151  2086.1291        1
120    634.71500  1986.9384  1990.4247  -3.486297  -0.175461  1978.7859  2002.0635  1968.0034  2012.8461        1
121    639.07500  1944.7654  1943.1793  1.5861555  0.0815602  1931.1268  1955.2318  1920.5404  1965.8181        1
122    643.43200  1923.0637  1919.0045  4.0592092  0.2110803  1907.0614  1930.9476  1896.4237  1941.5854        1
123    647.78900  1891.8254  1901.2720  -9.446602  -0.499338  1889.1681  1913.3759  1878.6058  1923.9383        1
124    652.14300  1881.0987  1868.2021  12.896563  0.6855868  1855.7594  1880.6448  1845.3531  1891.0511        1
125    656.49400  1800.9336  1805.8827  -4.949129  -0.274809  1794.1552  1817.6103  1783.4152  1828.3503        1
126    660.84300  1710.9810  1715.3731  -4.392096  -0.256700  1703.1365  1727.6096  1692.6357  1738.1104        1
127    665.19200  1606.5222  1607.7003  -1.178145  -0.073335  1596.1040  1619.2966  1585.3010  1630.0996        1
128    669.53700  1497.6648  1495.2144  2.4503305  0.1636101  1484.0949  1506.3340  1473.0582  1517.3707        1
129    673.87900  1391.8496  1386.5230  5.3265842  0.3826983  1374.7281  1398.3178  1364.0202  1409.0257        1
130    678.22000  1286.9379  1285.7309  1.2069807  0.0937870  1274.8083  1296.6535  1263.6728  1307.7890        1
131    682.56100  1185.5805  1193.5607  -7.980263  -0.673110  1183.1051  1204.0164  1171.7301  1215.3914        1
132    686.89700  1109.1543  1109.2094  -0.055052  -0.004963  1098.1946  1120.2242  1087.1055  1131.3133        1
133    691.23200  1033.6721  1031.4739  2.1981818  0.2126576  1021.1913  1041.7565  1009.7256  1053.2222        1
134    695.56400  959.40260  959.59203  -0.189423  -0.019744  950.12519  969.05886  938.21736  980.96669        1
135    699.89400  893.96660  893.04745  0.9191523  0.1028173  883.35549  902.73941  871.57212  914.52278        1
136    704.22500  831.83598  831.52208  0.3139084  0.0377368  821.80644  841.23772  810.03605  853.00810        1
137    708.55100  774.94727  775.00790  -0.060623  -0.007823  765.84286  784.17294  753.76517  796.25063        1
138    712.87500  723.28238  723.47150  -0.189126  -0.026148  714.70308  732.23993  702.39686  744.54615        1
139    717.19700  677.14141  676.89914  0.2422650  0.0357776  668.04202  685.75626  655.78744  698.01085        1
140    721.51700  634.95447  635.15032  -0.195855  -0.030846  626.12454  644.17611  613.96730  656.33334        1
141    725.83500  597.09166  597.94250  -0.850840  -0.142497  589.03340  606.85161  576.80893  619.07607        1
142    730.15300  563.95425  564.90801  -0.953756  -0.169119  556.32455  573.49147  543.90965  585.90637        1
143    734.46600  535.03946  535.77258  -0.733118  -0.137021  527.37238  544.17278  514.84846  556.69670        1
144    738.77800  509.64470  510.33725  -0.692547  -0.135888  501.80243  518.87207  489.35872  531.31578        1
145    743.08800  490.59550  488.62863  1.9668683  0.4009145  479.88469  497.37257  467.56415  509.69310        1
146    747.39600  472.66795  470.83389  1.8340623  0.3880234  462.11446  479.55332  449.77958  491.88820        1
147    751.70100  458.31061  457.22813  1.0824781  0.2361887  448.72595  465.73031  436.26286  478.19340        1
148    756.00700  448.11180  448.03661  0.0751946  0.0167803  439.61590  456.45731  427.10424  468.96897        1
149    760.30800  441.59429  443.33426  -1.739968  -0.394020  434.69425  451.97427  422.31271  464.35580        1
150    764.60700  440.86185  442.88189  -2.020043  -0.458203  433.93898  451.82481  421.73405  464.02973        1
151    768.90500  441.99112  446.06677  -4.075647  -0.922111  437.00893  455.12461  424.87007  467.26347        1
152    773.20000  454.66212  451.84580  2.8163169  0.6194307  442.85426  460.83734  430.67735  473.01425        1
153    777.49300  459.01948  458.79414  0.2253360  0.0490907  449.76532  467.82296  437.60983  479.97846        1
154    781.78400  470.90531  465.34780  5.5575051  1.1801747  456.02764  474.66796  444.03769  486.65791        1
155    786.07400  481.65723  470.33316  11.324062  2.3510624  460.84334  479.82299  448.94830  491.71803        1
156    790.36100  446.77527  473.54340  -26.76813  -5.991409  464.31429  482.77251  452.27295  494.81385        1
157    794.64800  473.64311  475.85897  -2.215853  -0.467832  466.95844  484.75950  454.72901  496.98892        1
158    798.93100  486.62775  478.72218  7.9055670  1.6245615  469.82673  487.61763  457.59437  499.85000        1
159    803.21200  494.93432  483.44508  11.489242  2.3213670  474.44908  492.44108  462.27473  504.61543        1
160    807.49100  489.14093  490.74868  -1.607755  -0.328689  481.91663  499.58074  469.64748  511.84989        1
161    811.76800  501.34566  500.58562  0.7600463  0.1516012  492.14750  509.02373  479.64624  521.52499        1
162    816.04200  511.46610  512.11584  -0.649735  -0.127034  503.90136  520.33032  491.26558  532.96610        1
163    820.31500  522.06937  523.79090  -1.721532  -0.329752  515.41824  532.16357  502.87782  544.70399        1
164    824.58600  529.95704  533.51308  -3.556045  -0.671006  524.92311  542.10305  512.51205  554.51411        1
165    828.85500  532.04919  538.95220  -6.903004  -1.297437  530.47824  547.42616  517.99835  559.90604        1
166    833.12200  531.71493  537.97064  -6.255708  -1.176515  529.91027  546.03100  517.18062  558.76066        1
167    837.38600  522.75684  529.08397  -6.327136  -1.210340  521.35823  536.80971  508.42138  549.74656        1
168    841.64900  512.54200  511.77234  0.7696595  0.1501652  504.07591  519.46878  491.12069  532.42400        1
169    845.91000  497.97401  486.54037  11.433646  2.2960328  478.73274  494.34799  465.84702  507.23371        1
170    850.16900  469.64596  454.68910  14.956853  3.1847082  446.89076  462.48745  433.99926  475.37895        1
171    854.42500  433.31543  417.97615  15.339285  3.5399812  410.39720  425.55509  397.36799  438.58430        1
172    858.68000  389.35950  378.25774  11.101753  2.8512860  371.03227  385.48322  357.77695  398.73854        1
173    862.93200  330.82527  337.33138  -6.506109  -1.966630  330.45071  344.21205  316.96967  357.69309        1
174    867.18300  282.74380  296.74130  -13.99749  -4.950592  290.07877  303.40382  276.45226  317.03033        1
175    871.43200  237.70769  257.78638  -20.07869  -8.446798  251.18286  264.38990  237.51665  278.05611        1
176    875.67800  203.93955  221.46624  -17.52669  -8.594061  214.82246  228.11003  201.18336  241.74913        1
177    879.92300  175.11641  188.45514  -13.33873  -7.617064  181.77463  195.13565  168.16019  208.75008        1
178    884.16500  151.80440  159.17487  -7.370470  -4.855241  152.54902  165.80073  138.89786  179.45189        1
179    888.40600  131.31856  133.76272  -2.444160  -1.861245  127.32586  140.19957  113.54667  153.97877        1
180    892.64400  117.10702  112.16798  4.9390338  4.2175387  106.05019  118.28577  92.051251  132.28472        1
181    896.88100  104.68479  94.153049  10.531743  10.060432  88.445287  99.860811  74.157197  114.14890        1
182    901.11500  88.015038  79.385555  8.6294829  9.8045551  74.121229  84.649882  59.511736  99.259375        1
183    905.34800  77.971753  67.452507  10.519246  13.491099  62.606960  72.298054  47.685491  87.219522        1
184    909.57800  70.234103  57.930478  12.303626  17.518022  53.434778  62.426178  38.246299  77.614657        1
185    913.80700  63.893074  50.395531  13.497544  21.125206  46.160749  54.630312  30.769299  70.021762        1
186    918.03300  57.920842  44.464870  13.455973  23.231659  40.406552  48.523187  24.875957  64.053783        1
187    922.25800  54.869380  39.796119  15.073261  27.471170  35.850918  43.741320  20.230328  59.361910        1
188    926.48000  52.349874  36.105013  16.244861  31.031327  32.234970  39.975057  16.554238  55.655789        1
189    930.70100  50.798286  33.156320  17.641966  34.729452  29.344476  36.968164  13.616982  52.695658        1
190    934.91900  49.590811  30.767084  18.823728  37.958096  27.009619  34.524548  11.238282  50.295886        1
191    939.13600  48.734400  28.794484  19.939916  40.915484  25.093727  32.495241  9.2765136  48.312455        1
192    943.35000  46.785257  27.133232  19.652024  42.004738  23.492884  30.773581  7.6266255  46.639839        1
193    947.56300  45.015320  25.704479  19.310841  42.898376  22.127249  29.281710  6.2095528  45.199405        1
194    951.77300  42.861805  24.452515  18.409290  42.950338  20.939277  27.965752  4.9692294  43.935800        1
195    955.98200  41.020638  23.336457  17.684181  43.110449  19.886447  26.786466  3.8644731  42.808440        1
196    960.18800  38.410042  22.328227  16.081815  41.868778  18.939492  25.716961  2.8670066  41.789447        1
197    964.39100  35.446096  21.407406  14.038690  39.605745  18.077395  24.737417  1.9563250  40.858487        1
198    968.59400  31.594130  20.558740  11.035390  34.928609  17.284792  23.832688  1.1171785  40.000301        1
199    972.79400  28.262957  19.772157  8.4908000  30.042151  16.551713  22.992601  0.3395337  39.204780        1
200    976.99300  24.068478  19.039240  5.0292382  20.895539  15.870068  22.208411  -0.384952  38.463431        1
201    981.19000  20.980347  18.353956  2.6263919  12.518343  15.234169  21.473742  -1.062240  37.770151        1
202    985.38400  18.205227  17.711473  0.4937541  2.7121559  14.639519  20.783427  -1.697094  37.120040        1
203    989.57700  15.829003  17.107383  -1.278380  -8.076186  14.082038  20.132728  -2.293862  36.508627        1
204    993.76800  14.540335  16.538374  -1.998040  -13.74136  13.558650  19.518098  -2.855809  35.932557        1
205    997.95500  12.724489  16.001703  -3.277214  -25.75517  13.066782  18.936623  -3.385647  35.389052        1
206    1002.1400  11.121343  15.494469  -4.373126  -39.32192  12.603696  18.385242  -3.886247  34.875184        1
207    1006.3300  10.761738  15.013569  -4.251831  -39.50878  12.166457  17.860680  -4.360683  34.387820        1
208    1010.5100  10.683784  14.558639  -3.874854  -36.26856  11.754610  17.362668  -4.809328  33.926606        1
209    1014.6900  10.989520  14.126672  -3.137153  -28.54677  11.365286  16.888059  -5.235167  33.488512        1
210    1018.8700  11.764996  13.716018  -1.951023  -16.58328  10.996852  16.435185  -5.639845  33.071881        1
211    1023.0500  12.075265  13.325180  -1.249915  -10.35104  10.647814  16.002546  -6.024855  32.675215        1
212    1027.2200  11.633529  12.953668  -1.320139  -11.34771  10.317577  15.589758  -6.390700  32.298035        1
213    1031.3900  9.1287324  12.599292  -3.470559  -38.01798  10.004040  15.194544  -6.739553  31.938136        1
214    1035.5600  6.6259273  12.260929  -5.635001  -85.04472  9.7060623  14.815795  -7.072537  31.594395        1
215    1039.7300  3.5751638  11.937550  -8.362386  -233.9022  9.4225977  14.452502  -7.390682  31.265782        1
216    1043.9000  0.3224926  11.628212  -11.30572  -3505.730  9.1526848  14.103739  -7.694930  30.951354        1
217    1048.0600  -1.623780  11.332744  -12.95652  797.92363  8.8960420  13.769447  -7.985462  30.650950        1
218    1052.2300  -1.596096  11.048931  -12.64503  792.24732  8.6506232  13.447238  -8.264470  30.362331        1
219    1056.3900  -0.326872  10.777401  -11.10427  3397.1348  8.4168596  13.137943  -8.531346  30.086149        1
220    1060.5500  0.6926848  10.516788  -9.824103  -1418.265  8.1934622  12.840113  -8.787445  29.821021        1
221    1064.7000  1.2639622  10.267058  -9.003096  -712.2915  7.9802993  12.553816  -9.032809  29.566924        1
222    1068.8600  1.8483498  10.026432  -8.178082  -442.4532  7.7757589  12.277105  -9.269192  29.322056        1
223    1073.0100  1.4995955  9.7955359  -8.295940  -553.2119  7.5802848  12.010787  -9.495988  29.087060        1
224    1077.1600  0.9104071  9.5732864  -8.662879  -951.5391  7.3928760  11.753697  -9.714268  28.860841        1
225    1081.3100  1.0338318  9.3592251  -8.325393  -805.2948  7.2130701  11.505380  -9.924487  28.642937        1
226    1085.4600  0.6459165  9.1529253  -8.507009  -1317.045  7.0404377  11.265413  -10.12707  28.432919        1
227    1089.6000  0.3171690  8.9544598  -8.637291  -2723.245  6.8749718  11.033948  -10.32195  28.230866        1
